system,query_id,total_relevant,p@10,ap@10,ndcg@10,p@15,ap@15,ndcg@15
random,Y10,113,0.1,0.000983284169124877,0.03091863761204822,0.26666666666666666,0.006994382215621152,0.06536092004436911
random,Y103,102,0.3,0.018627450980392157,0.08112515636035687,0.4,0.029318394024276377,0.13540276376687121
random,Y108,113,0.3,0.008849557522123894,0.1606716520602756,0.4,0.019294717082327703,0.14673911691859326
random,Y112,108,0.4,0.024074074074074074,0.12577539019089276,0.3333333333333333,0.02738095238095238,0.12018114521437448
random,Y128,101,0.2,0.00825082508250825,0.10065772617848646,0.2,0.01023102310231023,0.09735651334220424
random,Y13,115,0.2,0.006376811594202899,0.17728027044355918,0.2,0.008748353096179183,0.15392531913988575
random,Y134,112,0.4,0.013350340136054422,0.10425793481826454,0.4,0.021873067408781696,0.10633023493933247
random,Y136,100,0.2,0.004857142857142857,0.0739699518791245,0.2,0.007164835164835165,0.06630160378422649
random,Y137,111,0.3,0.01839339339339339,0.17053535350588828,0.26666666666666666,0.021396396396396396,0.1754653202200615
random,Y143,108,0.2,0.013888888888888888,0.2209881579359822,0.2,0.015873015873015872,0.2174690995502615
random,Y146,101,0.2,0.006435643564356436,0.0771134922905022,0.13333333333333333,0.006435643564356436,0.05977630540071027
random,Y150,107,0.3,0.014908767245215842,0.09484873870749039,0.26666666666666666,0.017578994214508235,0.11719298999187613
random,Y156,117,0.2,0.005698005698005697,0.05859503548652318,0.2,0.007529507529507529,0.05415505541045098
random,Y158,107,0.2,0.0077881619937694695,0.05662595281753884,0.13333333333333333,0.0077881619937694695,0.04813557804027636
random,Y161,113,0.1,0.001769911504424779,0.039733454899423135,0.13333333333333333,0.0031313818924438397,0.05420743834581788
random,Y168,113,0.2,0.003736479842674533,0.10598767835381218,0.3333333333333333,0.01142716673690125,0.13898220619372953
random,Y172,100,0.2,0.0038888888888888883,0.10931690659072354,0.2,0.006196581196581197,0.12954995796968863
random,Y178,110,0.4,0.01435064935064935,0.2366520243412843,0.3333333333333333,0.018482880755608028,0.2057029383841437
random,Y191,104,0.2,0.004349816849816849,0.06504971749230841,0.2,0.006753663003663003,0.0684738750624917
random,Y194,120,0.4,0.023055555555555555,0.14480295916132166,0.4,0.029832112332112328,0.14764724372562574
random,Y195,104,0.4,0.014644383394383394,0.10878115580506206,0.4,0.02345288258749797,0.15409308274431477
random,Y2,102,0.4,0.016203703703703703,0.20515864885780866,0.4,0.024581600316894433,0.2147150191543178
random,Y200,104,0.4,0.013030372405372406,0.1528451684525791,0.3333333333333333,0.016235500610500612,0.14343562754173778
random,Y201,99,0.2,0.007575757575757576,0.134729664815589,0.2,0.009595959595959595,0.12467822201933623
random,Y204,113,0.3,0.014696586599241465,0.16934722482263484,0.4,0.025141746159445272,0.19889686764284492
random,Y209,120,0.2,0.0028935185185185184,0.0633198745158776,0.26666666666666666,0.007547198172198172,0.11315330484576341
random,Y21,105,0.2,0.012698412698412698,0.150580405566138,0.26666666666666666,0.018226218226218227,0.14503361072332058
random,Y222,101,0.0,0.0,0.0,0.13333333333333333,0.0020273455917020275,0.07223632298509484
random,Y226,118,0.3,0.008151735270379337,0.09339393088092747,0.26666666666666666,0.010411622276029054,0.1431294892741913
random,Y25,110,0.3,0.01753246753246753,0.06786695427348353,0.2,0.01753246753246753,0.05514751476206491
random,Y252,103,0.6,0.03653490522422561,0.26398756133266127,0.6,0.05501092758374312,0.2813517288504731
random,Y259,123,0.4,0.013279132791327914,0.14991562470025513,0.4,0.019918699186991868,0.15255121406448618
random,Y263,99,0.1,0.00101010101010101,0.013671109939930372,0.06666666666666667,0.00101010101010101,0.011935431732607742
random,Y268,103,0.2,0.01248266296809986,0.13694598791880547,0.26666666666666666,0.01789715139229702,0.1306599318479243
random,Y269,100,0.2,0.005333333333333333,0.03473333426959836,0.2,0.0074761904761904766,0.047303119282818794
random,Y27,107,0.3,0.02118380062305296,0.15974044425143086,0.26666666666666666,0.02367601246105919,0.14373090526293847
random,Y270,103,0.3,0.023058252427184466,0.35432546204251625,0.26666666666666666,0.026588702559576346,0.29687234694349884
random,Y275,108,0.2,0.00496031746031746,0.05319416985361152,0.2,0.006944444444444444,0.061613462557962975
random,Y290,104,0.3,0.006623931623931624,0.08977101274048822,0.26666666666666666,0.009582511505588429,0.10417858046576949
random,Y299,103,0.2,0.008090614886731391,0.08048212760339386,0.2,0.010171058714748034,0.10605637942706733
random,Y303,114,0.2,0.005847953216374269,0.10290554950170207,0.2,0.007872244714349977,0.11608674120581584
random,Y339,117,0.2,0.00997150997150997,0.16087162050336257,0.26666666666666666,0.01515151515151515,0.18151461583044973
random,Y34,120,0.1,0.0027777777777777775,0.05135474546955204,0.2,0.005952380952380953,0.09283493429234853
random,Y344,109,0.3,0.011577107907383137,0.08580745922876108,0.2,0.011577107907383137,0.07151732924851173
random,Y347,102,0.2,0.00522875816993464,0.09179792741185275,0.3333333333333333,0.013748832866479925,0.12202051989477673
random,Y349,120,0.2,0.0125,0.19749785530865488,0.2,0.014772727272727272,0.17755831340099698
random,Y350,101,0.3,0.023514851485148515,0.14436822410117048,0.3333333333333333,0.03011551155115512,0.14784214264439086
random,Y357,103,0.4,0.019282632146709815,0.173145717102598,0.26666666666666666,0.019282632146709815,0.1436102406777954
random,Y358,100,0.1,0.002,0.044459333459258864,0.13333333333333333,0.0033333333333333335,0.06356411562290501
random,Y360,101,0.4,0.01545261669024045,0.24272003034531933,0.3333333333333333,0.01995306673524495,0.23574027792513233
random,Y366,111,0.4,0.011111111111111112,0.16244785715745044,0.4,0.019067119067119068,0.17993597170281941
random,Y37,107,0.3,0.007343124165554072,0.10365965303863531,0.26666666666666666,0.009835336003560303,0.10025858410258003
random,Y370,127,0.1,0.0013123359580052493,0.01567965379573507,0.26666666666666666,0.007135253198245325,0.049887992150214486
random,Y372,108,0.3,0.019444444444444445,0.15519219948055776,0.4,0.029822029822029823,0.19721155082618116
random,Y38,107,0.1,0.0011682242990654205,0.004628748129118485,0.06666666666666667,0.0011682242990654205,0.0035880810681846367
random,Y381,104,0.3,0.009157509157509156,0.07882311143130466,0.3333333333333333,0.015321217244294166,0.10464308214089442
random,Y382,118,0.3,0.016949152542372878,0.05733664400986188,0.4,0.027193851346393714,0.0709074866724367
random,Y385,104,0.1,0.0009615384615384616,0.03322098034257774,0.2,0.004632867132867134,0.06573587542137656
random,Y396,104,0.5,0.019986263736263735,0.12616045344797291,0.4,0.02410714285714285,0.12051556181410877
random,Y399,113,0.5,0.03064686051411715,0.06165970144144527,0.5333333333333333,0.0453558977895261,0.10350004864035627
random,Y4,118,0.1,0.00847457627118644,0.014672784419872013,0.2,0.011710323574730355,0.08419352553282577
random,Y404,120,0.3,0.013888888888888888,0.15333525985033958,0.26666666666666666,0.016452991452991454,0.14523868997041145
random,Y407,117,0.5,0.027492877492877495,0.24684881295874583,0.4,0.03176638176638177,0.23745568154521557
random,Y411,106,0.4,0.02188155136268344,0.11087249175558052,0.4,0.029943300933866972,0.1350778961190419
random,Y413,110,0.0,0.0,0.0,0.06666666666666667,0.0008264462809917355,0.00997738568061455
random,Y422,118,0.3,0.010451977401129945,0.11727541428110147,0.26666666666666666,0.013533641499743196,0.13226918171672666
random,Y427,110,0.3,0.014393939393939393,0.08121617732982178,0.3333333333333333,0.020454545454545454,0.09440707460151956
random,Y429,120,0.7,0.034097222222222216,0.16775152272322164,0.5333333333333333,0.038859126984126975,0.15767689937244622
random,Y431,127,0.3,0.010826771653543307,0.17758290506868737,0.4,0.02034546818011385,0.19076663380109404
random,Y432,102,0.4,0.022739651416122008,0.16285308949226562,0.3333333333333333,0.027195979401861758,0.19976483767855374
random,Y434,110,0.4,0.022222222222222223,0.11281272968111918,0.4,0.029105339105339106,0.1338969111088236
random,Y437,120,0.2,0.004047619047619047,0.05126512050802556,0.3333333333333333,0.011289682539682539,0.1021406864038911
random,Y445,102,0.3,0.010737628384687206,0.07727812608574268,0.3333333333333333,0.01725562019679667,0.17453296644905983
random,Y446,103,0.3,0.007605177993527508,0.0932903729554949,0.26666666666666666,0.010194174757281554,0.09138670698168834
random,Y447,100,0.0,0.0,0.0,0.0,0.0,0.0
random,Y45,112,0.4,0.013467261904761904,0.08208120747943046,0.4666666666666667,0.026797681485181486,0.10601176442325412
random,Y456,102,0.2,0.014705882352941176,0.17194968645967684,0.26666666666666666,0.020173453996983406,0.18770718954561877
random,Y457,104,0.2,0.019230769230769232,0.17004147528133534,0.13333333333333333,0.019230769230769232,0.14454581859068116
random,Y462,111,0.3,0.011368511368511369,0.06256489790081278,0.2,0.011368511368511369,0.04849862628700933
random,Y469,104,0.4,0.015865384615384615,0.1457421978797579,0.26666666666666666,0.015865384615384615,0.12657299640148034
random,Y474,102,0.4,0.03088235294117647,0.2322462648344901,0.26666666666666666,0.03088235294117647,0.20276037946186776
random,Y489,107,0.3,0.006475300400534045,0.06855494626833065,0.26666666666666666,0.008967512238540275,0.06167241160431218
random,Y493,120,0.3,0.008680555555555554,0.21606296394253255,0.4,0.019029234654234655,0.22814815569624466
random,Y496,114,0.3,0.01842105263157895,0.12798637819816286,0.2,0.01842105263157895,0.11272862602882688
random,Y498,108,0.4,0.023019547325102876,0.15434362574999191,0.4,0.03119655550211105,0.15768991668237686
random,Y504,111,0.4,0.022397397397397392,0.4102781172888648,0.3333333333333333,0.025400400400400397,0.3379409716602752
random,Y505,99,0.6,0.044668911335577995,0.30049377032664176,0.4,0.044668911335577995,0.262343211163278
random,Y506,100,0.3,0.013285714285714284,0.21283239575267907,0.26666666666666666,0.016142857142857143,0.18536072210394988
random,Y507,107,0.5,0.023616674083963802,0.18098196049703336,0.5333333333333333,0.03794689215249963,0.19118230406229883
random,Y527,103,0.3,0.016181229773462782,0.2055495732502083,0.4,0.027606697509610128,0.21014485640344346
random,Y534,107,0.3,0.012461059190031152,0.08599207213919728,0.26666666666666666,0.015131286159323543,0.11032754025158788
random,Y535,117,0.2,0.004558404558404558,0.08104444662906284,0.26666666666666666,0.00880999342537804,0.11616436825617583
random,Y540,111,0.2,0.012012012012012012,0.13929534979581926,0.26666666666666666,0.016493416493416492,0.15959240001472316
random,Y541,103,0.3,0.025242718446601944,0.12391107616555477,0.2,0.025242718446601944,0.10422991569568849
random,Y55,108,0.2,0.002880658436213992,0.04804787430938302,0.13333333333333333,0.002880658436213992,0.04172822635128508
random,Y551,113,0.4,0.017551622418879056,0.10154739289881005,0.4666666666666667,0.030764073684427667,0.17604708267592684
random,Y552,102,0.4,0.012908496732026141,0.10581342121480179,0.26666666666666666,0.012908496732026141,0.09237939500538948
random,Y553,107,0.3,0.007009345794392523,0.06776714590611493,0.3333333333333333,0.013745600194198326,0.07608272420776956
random,Y557,109,0.4,0.018523372651813017,0.12788766249375277,0.3333333333333333,0.022346002621231976,0.11650402133190653
random,Y566,111,0.2,0.013513513513513514,0.05890735445899571,0.13333333333333333,0.013513513513513514,0.04566339697369044
random,Y572,118,0.5,0.02165725047080979,0.16026408338368428,0.5333333333333333,0.036065864455694964,0.23602797185711652
random,Y573,103,0.3,0.011731391585760517,0.13378956956820334,0.26666666666666666,0.014320388349514561,0.11224053722341043
random,Y575,102,0.2,0.011764705882352941,0.0663984436875837,0.2,0.014215686274509804,0.06933649246124923
random,Y576,110,0.4,0.014603174603174604,0.12689776612098075,0.26666666666666666,0.014603174603174604,0.10311493281737104
random,Y577,114,0.3,0.007257727652464494,0.09247671775196054,0.26666666666666666,0.010181704260651629,0.09192954704051742
random,Y58,107,0.4,0.019314641744548285,0.05632744054627523,0.3333333333333333,0.023208722741433017,0.06517923988591923
random,Y580,106,0.2,0.00660377358490566,0.08494950758273971,0.26666666666666666,0.011476259589467137,0.09689996788545656
random,Y581,103,0.0,0.0,0.0,0.0,0.0,0.0
random,Y589,117,0.5,0.028727445394112056,0.14826600287851452,0.4666666666666667,0.03760318503908247,0.1628159246340786
random,Y592,102,0.1,0.0024509803921568627,0.04949580913047897,0.13333333333333333,0.004084967320261437,0.06995811798436878
random,Y593,114,0.4,0.01705653021442495,0.11200838181912195,0.4,0.024803169540011643,0.12738521913486753
random,Y594,102,0.4,0.012033146591970122,0.10940174473236979,0.4666666666666667,0.026293396146337324,0.17798062391511088
random,Y595,104,0.2,0.004349816849816849,0.04641001666156362,0.2,0.00641025641025641,0.05125455233824812
random,Y598,104,0.1,0.004807692307692308,0.08444927239993222,0.13333333333333333,0.00608974358974359,0.10023210494752131
random,Y6,99,0.2,0.003968253968253968,0.04889834866950854,0.2,0.006299256299256299,0.05576942056286655
random,Y601,110,0.4,0.015,0.11901331351002817,0.4666666666666667,0.02757045984318712,0.13206239910073855
random,Y602,102,0.5,0.027824463118580764,0.10842545425894626,0.4,0.031746031746031744,0.11953947677913966
random,Y619,118,0.4,0.018926553672316385,0.1142279256294079,0.3333333333333333,0.02218600608431117,0.10108937415418544
random,Y624,104,0.2,0.00405982905982906,0.09207237711072216,0.3333333333333333,0.013074852497929421,0.16838817524643757
random,Y627,120,0.2,0.003273809523809524,0.06663773388353075,0.2,0.005196886446886447,0.0824542063637302
random,Y633,104,0.1,0.009615384615384616,0.04925387562824638,0.13333333333333333,0.010897435897435897,0.06772804053642031
random,Y645,100,0.2,0.006500000000000001,0.20133244840658107,0.2,0.008642857142857143,0.20039866910714432
random,Y67,111,0.2,0.002927927927927928,0.026610402027145794,0.26666666666666666,0.007787332787332786,0.04567993267339069
random,Y72,118,0.4,0.014588377723970944,0.09408550434374918,0.3333333333333333,0.01741323648103309,0.10252860233595246
random,Y78,110,0.1,0.00909090909090909,0.10270949093910409,0.3333333333333333,0.01906048496957588,0.16451065401481585
random,Y8,107,0.2,0.0032042723631508676,0.03370838113297895,0.26666666666666666,0.007853205984047104,0.10147370583990438
random,Y85,99,0.4,0.01611351611351611,0.19717036081419342,0.3333333333333333,0.01999851999852,0.17614516578520664
random,Y90,105,0.3,0.018095238095238095,0.2020662871650747,0.4,0.029922299922299923,0.24920892770996841
random,Y96,127,0.3,0.005718035245594301,0.04969581013936101,0.26666666666666666,0.007967754030746156,0.050810112900265846
raw_cosine,Y10,113,0.1,0.000983284169124877,0.004416948230292603,0.13333333333333333,0.002458210422812193,0.0068111451336488535
raw_cosine,Y103,102,0.3,0.007703081232492996,0.07465689905242646,0.4,0.01896045131339249,0.1318036939037605
raw_cosine,Y108,113,0.3,0.010029498525073746,0.1464872421588696,0.2,0.010029498525073746,0.11903300267250645
raw_cosine,Y112,108,0.4,0.020550411522633743,0.2697745379738569,0.26666666666666666,0.020550411522633743,0.2342915924209386
raw_cosine,Y128,101,0.2,0.00715071507150715,0.06233517387754603,0.13333333333333333,0.00715071507150715,0.05170193911260361
raw_cosine,Y13,115,0.4,0.010289855072463768,0.1110417077159416,0.4666666666666667,0.022313773183338402,0.17159663430311037
raw_cosine,Y134,112,0.6,0.028539540816326533,0.18347338568763163,0.4666666666666667,0.03300382653061225,0.18488857584558688
raw_cosine,Y136,100,0.1,0.0011111111111111111,0.01325084469087781,0.13333333333333333,0.002777777777777778,0.03178742124314774
raw_cosine,Y137,111,0.2,0.007507507507507507,0.050404390894482946,0.2,0.009964509964509963,0.07342684270189656
raw_cosine,Y143,108,0.4,0.023809523809523808,0.24366745267678172,0.3333333333333333,0.028018278018278015,0.23945954770325478
raw_cosine,Y146,101,0.5,0.03041018387553041,0.30553259586101444,0.3333333333333333,0.03041018387553041,0.23684065158477144
raw_cosine,Y150,107,0.3,0.015264797507788162,0.1311133023746295,0.3333333333333333,0.022557349192863212,0.1572586738104854
raw_cosine,Y156,117,0.3,0.009930809930809931,0.1267160068312584,0.26666666666666666,0.01303881303881304,0.14581707860788706
raw_cosine,Y158,107,0.4,0.024922118380062305,0.15440743972212684,0.4666666666666667,0.03780254013898873,0.20393400030080974
raw_cosine,Y161,113,0.4,0.013822166034555418,0.09910067979186116,0.26666666666666666,0.013822166034555418,0.0805275006114078
raw_cosine,Y168,113,0.5,0.03399705014749262,0.33524353403688617,0.4666666666666667,0.041919511167298786,0.27844556725416203
raw_cosine,Y172,100,0.1,0.005,0.13886244387355456,0.06666666666666667,0.005,0.1076424320455391
raw_cosine,Y178,110,0.3,0.006601731601731602,0.07998081527799093,0.3333333333333333,0.012937819756001574,0.1425442272954675
raw_cosine,Y191,104,0.3,0.01185897435897436,0.07565213550456616,0.26666666666666666,0.015064102564102564,0.07748658909644598
raw_cosine,Y194,120,0.2,0.0027083333333333334,0.04357594554686625,0.26666666666666666,0.006853632478632478,0.05179510513935756
raw_cosine,Y195,104,0.4,0.021749084249084248,0.11501478299874118,0.26666666666666666,0.021749084249084248,0.0977697113664565
raw_cosine,Y2,102,0.2,0.00522875816993464,0.05760455849479799,0.2,0.007679738562091503,0.0763266333874109
raw_cosine,Y200,104,0.5,0.03827838827838828,0.4194262703354934,0.4,0.0423992673992674,0.3898070143893266
raw_cosine,Y201,99,0.2,0.003928170594837261,0.07978490851497404,0.2,0.005948372615039281,0.08007090948558312
raw_cosine,Y204,113,0.0,0.0,0.0,0.13333333333333333,0.0018606761969593827,0.0061122441103672156
raw_cosine,Y209,120,0.4,0.02847222222222222,0.26357081289969714,0.3333333333333333,0.03125,0.24184220349068497
raw_cosine,Y21,105,0.0,0.0,0.0,0.0,0.0,0.0
raw_cosine,Y222,101,0.2,0.012729844413012729,0.10049010186703017,0.3333333333333333,0.021143872629021142,0.14949498462227412
raw_cosine,Y226,118,0.3,0.006638418079096045,0.020538369391699344,0.2,0.006638418079096045,0.017276199807703823
raw_cosine,Y25,110,0.1,0.00909090909090909,0.2200917662980802,0.13333333333333333,0.01038961038961039,0.18799801591052057
raw_cosine,Y252,103,0.6,0.04983818770226537,0.6042755353231134,0.5333333333333333,0.059870550161812294,0.5087013255683323
raw_cosine,Y259,123,0.5,0.02971996386630533,0.0979068858804398,0.4,0.03297199638663054,0.0956369669901838
raw_cosine,Y263,99,0.7,0.042231842231842225,0.23505308137738404,0.5333333333333333,0.04761904761904761,0.229296566242083
raw_cosine,Y268,103,0.9,0.08411542610571737,0.45540951322304163,0.8666666666666667,0.11981839627470696,0.5106063983411104
raw_cosine,Y269,100,0.5,0.02261904761904762,0.17920077519094157,0.5333333333333333,0.03924025974025974,0.22528842671154878
raw_cosine,Y27,107,0.4,0.023987538940809967,0.4303442965027872,0.4,0.032240967754986444,0.4015603358922873
raw_cosine,Y270,103,0.7,0.05493527508090615,0.5817640624318098,0.5333333333333333,0.06090988299726163,0.4957782875966701
raw_cosine,Y275,108,0.3,0.016666666666666666,0.03787184317371229,0.26666666666666666,0.019515669515669517,0.07416766618993496
raw_cosine,Y290,104,0.1,0.0009615384615384616,0.03322098034257774,0.13333333333333333,0.0024408284023668637,0.04008647894509293
raw_cosine,Y299,103,0.0,0.0,0.0,0.0,0.0,0.0
raw_cosine,Y303,114,0.1,0.0008771929824561404,0.004963146978199701,0.13333333333333333,0.002226720647773279,0.06267986559001484
raw_cosine,Y339,117,0.2,0.004151404151404151,0.044624383039380475,0.2,0.006123790739175354,0.043553708013745855
raw_cosine,Y34,120,0.4,0.02222222222222222,0.08729753929767838,0.26666666666666666,0.02222222222222222,0.07689046130743671
raw_cosine,Y344,109,0.3,0.01834862385321101,0.2756352980287055,0.26666666666666666,0.020795107033639144,0.2511329163620949
raw_cosine,Y347,102,0.1,0.0014005602240896359,0.025122525466757542,0.13333333333333333,0.003034547152194211,0.036931170568542275
raw_cosine,Y349,120,0.6,0.03900793650793651,0.10943858313342174,0.5333333333333333,0.048257020757020756,0.12294162596175896
raw_cosine,Y350,101,0.5,0.033085808580858085,0.246851634781436,0.4,0.038486348634863485,0.25047430290483325
raw_cosine,Y357,103,0.4,0.014786561873940514,0.2418776668766378,0.3333333333333333,0.01883186931730621,0.21560967176605578
raw_cosine,Y358,100,0.3,0.021,0.1834755189836886,0.3333333333333333,0.02766666666666667,0.19700962577116551
raw_cosine,Y360,101,0.6,0.041851327989941844,0.5233818887156146,0.6666666666666666,0.06867928551096868,0.5093923494836352
raw_cosine,Y366,111,0.2,0.004375804375804376,0.09724862063392256,0.3333333333333333,0.0133008133008133,0.11242314830809058
raw_cosine,Y37,107,0.6,0.032650941996736384,0.45794962863527766,0.5333333333333333,0.043853913480081705,0.38546804558707465
raw_cosine,Y370,127,0.5,0.034514435695538054,0.25400860148537646,0.6,0.05227305502896053,0.24286128942351592
raw_cosine,Y372,108,0.7,0.045194003527336865,0.16114596979961898,0.5333333333333333,0.0519280102613436,0.1677919626989899
raw_cosine,Y38,107,0.4,0.016466399643969738,0.2211798315528204,0.5333333333333333,0.03504470607274345,0.2379928197197281
raw_cosine,Y381,104,0.1,0.003205128205128205,0.057462854899620774,0.13333333333333333,0.004807692307692308,0.07687727297268582
raw_cosine,Y382,118,0.4,0.010401533494753834,0.13446432914031695,0.5333333333333333,0.026601011982367914,0.16676923876079636
raw_cosine,Y385,104,0.5,0.022561813186813186,0.13588939100239195,0.5333333333333333,0.0380415257819104,0.16635780896398406
raw_cosine,Y396,104,0.1,0.002403846153846154,0.04949580913047897,0.06666666666666667,0.002403846153846154,0.042985716985887414
raw_cosine,Y399,113,0.3,0.007395701643489253,0.07163151209878606,0.26666666666666666,0.010345554150863884,0.06787255731472809
raw_cosine,Y4,118,0.4,0.01529459241323648,0.1278533091487433,0.4666666666666667,0.027012817690783793,0.17186805950877015
raw_cosine,Y404,120,0.2,0.005416666666666667,0.08396802493854683,0.26666666666666666,0.009561965811965811,0.10675726558805788
raw_cosine,Y407,117,0.2,0.017094017094017096,0.35895421017163476,0.26666666666666666,0.021867021867021864,0.2843355860859311
raw_cosine,Y411,106,0.5,0.02133872416891285,0.1719806271277094,0.6,0.04261556054008884,0.2918624173349032
raw_cosine,Y413,110,0.2,0.010909090909090908,0.2243331521780103,0.26666666666666666,0.015985832349468713,0.20697728578683988
raw_cosine,Y422,118,0.4,0.013512241054613934,0.15047639158184525,0.4666666666666667,0.025556411573360725,0.18507657896170346
raw_cosine,Y427,110,0.5,0.017622655122655123,0.16101642088376944,0.6,0.039322924550197286,0.19829335401242743
raw_cosine,Y429,120,0.3,0.006825396825396826,0.08532487693134337,0.3333333333333333,0.012167277167277167,0.10116361485393809
raw_cosine,Y431,127,0.2,0.005905511811023622,0.09720371071148819,0.2,0.00772259236826166,0.09065167882391241
raw_cosine,Y432,102,0.5,0.01983348895113601,0.1215851371549208,0.5333333333333333,0.03568887539475774,0.18012325368649704
raw_cosine,Y434,110,0.0,0.0,0.0,0.06666666666666667,0.0006060606060606061,0.008942138380058848
raw_cosine,Y437,120,0.0,0.0,0.0,0.0,0.0,0.0
raw_cosine,Y445,102,0.2,0.011437908496732025,0.12480182657352826,0.13333333333333333,0.011437908496732025,0.10895704062933485
raw_cosine,Y446,103,0.3,0.007281553398058253,0.0608803327642206,0.26666666666666666,0.009870550161812297,0.06412444874484599
raw_cosine,Y447,100,0.1,0.00125,0.013886244387355454,0.13333333333333333,0.0026785714285714286,0.019498002909541578
raw_cosine,Y45,112,0.3,0.018229166666666664,0.1386725568769003,0.4,0.02821085164835165,0.16890169659736196
raw_cosine,Y456,102,0.3,0.016281512605042014,0.16566665785600523,0.26666666666666666,0.018895891690009336,0.154132156612136
raw_cosine,Y457,104,0.1,0.001201923076923077,0.01809627265712833,0.13333333333333333,0.0025755494505494505,0.02786419040788842
raw_cosine,Y462,111,0.2,0.002927927927927928,0.03431844928862929,0.26666666666666666,0.007580932580932581,0.044298585033929125
raw_cosine,Y469,104,0.3,0.015567765567765566,0.04766281105230286,0.26666666666666666,0.01877289377289377,0.06836621075003217
raw_cosine,Y474,102,0.7,0.051937441643324006,0.32478296444166477,0.5333333333333333,0.058473389355742304,0.30958418442880264
raw_cosine,Y489,107,0.5,0.028445334520100875,0.2565370056786818,0.3333333333333333,0.028445334520100875,0.19886058772002171
raw_cosine,Y493,120,0.2,0.006547619047619048,0.06969340194761613,0.2,0.00882034632034632,0.08661958132565667
raw_cosine,Y496,114,0.2,0.006335282651072124,0.0692194220379514,0.2,0.00872762714867978,0.08620210639798083
raw_cosine,Y498,108,0.3,0.015432098765432098,0.09802251083706967,0.2,0.015432098765432098,0.08130167242203279
raw_cosine,Y504,111,0.6,0.03361218361218361,0.2959039416951226,0.6666666666666666,0.05714870714870716,0.35198136955665443
raw_cosine,Y505,99,0.7,0.05215247715247716,0.4421257210613618,0.8,0.09086174767992951,0.49807575561550105
raw_cosine,Y506,100,0.8,0.06308730158730158,0.33250335317584045,0.8,0.09663542013542013,0.3311174523803576
raw_cosine,Y507,107,0.5,0.023928200563714582,0.10571230304920684,0.5333333333333333,0.03825841863225041,0.12665788914496176
raw_cosine,Y527,103,0.1,0.0019417475728155341,0.039733454899423135,0.2,0.006134157105030891,0.08761156763826233
raw_cosine,Y534,107,0.3,0.014018691588785045,0.1268664651821781,0.26666666666666666,0.017133956386292833,0.11985919476877302
raw_cosine,Y535,117,0.0,0.0,0.0,0.0,0.0,0.0
raw_cosine,Y540,111,0.1,0.009009009009009009,0.014672784419872013,0.26666666666666666,0.015301665301665301,0.04525120523234353
raw_cosine,Y541,103,0.6,0.04447526583448913,0.35039587278149237,0.6,0.062026646492665906,0.3721269466587627
raw_cosine,Y55,108,0.2,0.004166666666666667,0.08071435834058902,0.13333333333333333,0.004166666666666667,0.07009814821250272
raw_cosine,Y551,113,0.5,0.035840707964601766,0.19502077746344998,0.3333333333333333,0.035840707964601766,0.15847051513076463
raw_cosine,Y552,102,0.1,0.00980392156862745,0.11035329663881081,0.2,0.014037433155080214,0.13437514131291098
raw_cosine,Y553,107,0.1,0.001557632398753894,0.01567965379573507,0.06666666666666667,0.001557632398753894,0.012154445947544073
raw_cosine,Y557,109,0.1,0.001019367991845056,0.01325084469087781,0.13333333333333333,0.002242609582059123,0.014101391907429137
raw_cosine,Y566,111,0.2,0.01126126126126126,0.07641959016344543,0.26666666666666666,0.015914265914265913,0.08857927014877155
raw_cosine,Y572,118,0.7,0.05622814097390368,0.27633741870870593,0.7333333333333333,0.08001283086028847,0.31433828437378875
raw_cosine,Y573,103,0.3,0.007951918631530282,0.06262004556024445,0.3333333333333333,0.01396208969024503,0.11157245248413021
raw_cosine,Y575,102,0.2,0.007703081232492997,0.11589253666195405,0.2,0.009965524671407024,0.10393993241444567
raw_cosine,Y576,110,0.5,0.021457431457431456,0.19158399464482928,0.5333333333333333,0.03581004853732126,0.2078824660658661
raw_cosine,Y577,114,0.2,0.008771929824561403,0.07112169809896217,0.2,0.010526315789473684,0.06587390105997538
raw_cosine,Y58,107,0.5,0.025856697819314642,0.2895906836918498,0.4666666666666667,0.03422340898976413,0.31080401309368183
raw_cosine,Y580,106,0.4,0.014106019766397125,0.1868523884090842,0.4666666666666667,0.027513681287266195,0.26455990304357346
raw_cosine,Y581,103,0.4,0.011488673139158577,0.17815269331700942,0.4,0.019106298232511826,0.16754117255556467
raw_cosine,Y589,117,0.3,0.008974358974358975,0.13305201013572898,0.26666666666666666,0.011604207758053913,0.11210042644349197
raw_cosine,Y592,102,0.7,0.06341425459072517,0.26167618054624453,0.6,0.07642673230908524,0.24988425122581984
raw_cosine,Y593,114,0.2,0.005116959064327485,0.09457372632593283,0.13333333333333333,0.005116959064327485,0.08164295559738546
raw_cosine,Y594,102,0.3,0.009640522875816994,0.07384724370387959,0.26666666666666666,0.013205585264408796,0.092692006311017
raw_cosine,Y595,104,0.3,0.007211538461538462,0.06781284820283018,0.3333333333333333,0.013163919413919412,0.09479474505651514
raw_cosine,Y598,104,0.6,0.04064407814407814,0.176975328680117,0.4666666666666667,0.04676295926295926,0.1640420686026721
raw_cosine,Y6,99,0.3,0.015993265993265993,0.12183130080000246,0.4,0.027915518824609728,0.19096282696060432
raw_cosine,Y601,110,0.3,0.008787878787878787,0.039959885534843385,0.2,0.008787878787878787,0.03247071274987521
raw_cosine,Y602,102,0.2,0.004411764705882353,0.06665145430397855,0.26666666666666666,0.010102152749211573,0.0971931265461833
raw_cosine,Y619,118,0.1,0.001059322033898305,0.013886244387355454,0.2,0.004179083628236171,0.025000815278522853
raw_cosine,Y624,104,0.3,0.016426282051282052,0.09589350728915852,0.26666666666666666,0.018990384615384614,0.10996041562860857
raw_cosine,Y627,120,0.4,0.010277777777777778,0.11655821836875223,0.4,0.0173989898989899,0.13759015004430122
raw_cosine,Y633,104,0.2,0.00673076923076923,0.045313298616530585,0.2,0.008653846153846153,0.05004722547419219
raw_cosine,Y645,100,0.4,0.035,0.37106299353475153,0.4666666666666667,0.04811904761904762,0.3843169062674972
raw_cosine,Y67,111,0.3,0.00858000858000858,0.05482373388051518,0.26666666666666666,0.011856011856011855,0.09008812202444687
raw_cosine,Y72,118,0.2,0.007062146892655366,0.11679754099935881,0.2,0.008757062146892654,0.12197230168008022
raw_cosine,Y78,110,0.1,0.00909090909090909,0.2200917662980802,0.13333333333333333,0.010303030303030303,0.19970775715464759
raw_cosine,Y8,107,0.4,0.02897196261682243,0.10358575000554021,0.4,0.036048064085447265,0.11228847900207194
raw_cosine,Y85,99,0.3,0.009175084175084175,0.07977845409635033,0.2,0.009175084175084175,0.06476873636248602
raw_cosine,Y90,105,0.2,0.012244897959183673,0.10917249554365265,0.13333333333333333,0.012244897959183673,0.09183230715872054
raw_cosine,Y96,127,0.3,0.007874015748031496,0.07184588017740098,0.26666666666666666,0.009973753280839895,0.0629381769944453
raw_dtw,Y10,113,0.2,0.008849557522123894,0.028215169132147132,0.26666666666666666,0.013784887678692988,0.029280699683697467
raw_dtw,Y103,102,0.2,0.0035947712418300656,0.04863258777083502,0.2,0.005555555555555556,0.07517557496119115
raw_dtw,Y108,113,0.4,0.009966287399915718,0.09071681657553997,0.26666666666666666,0.009966287399915718,0.07371491817810637
raw_dtw,Y112,108,0.3,0.016358024691358025,0.17443223812153993,0.26666666666666666,0.019003527336860667,0.17703659368121527
raw_dtw,Y128,101,0.3,0.01815181518151815,0.1426734420708077,0.26666666666666666,0.020980669495520982,0.13253565130916078
raw_dtw,Y13,115,0.3,0.006521739130434782,0.05973317508508214,0.4666666666666667,0.021091661961227182,0.14118003895787576
raw_dtw,Y134,112,0.6,0.026431405895691613,0.21229281401475877,0.5333333333333333,0.03600100296528868,0.2062992269828608
raw_dtw,Y136,100,0.1,0.0016666666666666666,0.036585858856715156,0.06666666666666667,0.0016666666666666666,0.028360373877602832
raw_dtw,Y137,111,0.2,0.003128128128128128,0.05512659171104077,0.13333333333333333,0.003128128128128128,0.047256905334096766
raw_dtw,Y143,108,0.5,0.03492798353909465,0.28117060125540544,0.3333333333333333,0.03492798353909465,0.24418875259630893
raw_dtw,Y146,101,0.2,0.004675467546754675,0.04193586210467398,0.26666666666666666,0.010676067606760676,0.126202910694876
raw_dtw,Y150,107,0.4,0.022696929238985315,0.13532694462244113,0.4666666666666667,0.03629081199174657,0.137674287333646
raw_dtw,Y156,117,0.3,0.009218559218559219,0.11941660129008658,0.26666666666666666,0.011848408002254156,0.11348007269950466
raw_dtw,Y158,107,0.4,0.018691588785046728,0.13261136405865875,0.4,0.026945017599223204,0.15545282247811631
raw_dtw,Y161,113,0.4,0.011578171091445428,0.11068487884859586,0.3333333333333333,0.01498184706149308,0.13691359042375068
raw_dtw,Y168,113,0.5,0.02974434611602753,0.3508411052987343,0.4666666666666667,0.038996156252793415,0.3164270537472695
raw_dtw,Y172,100,0.1,0.01,0.2200917662980802,0.06666666666666667,0.01,0.17060921827860476
raw_dtw,Y178,110,0.3,0.01753246753246753,0.2764964838052929,0.26666666666666666,0.02012987012987013,0.24752042417449888
raw_dtw,Y191,104,0.2,0.005608974358974358,0.04677818622150233,0.2,0.007532051282051281,0.05195506885842046
raw_dtw,Y194,120,0.2,0.008333333333333333,0.18309701391267824,0.3333333333333333,0.015758547008547008,0.21851582376981954
raw_dtw,Y195,104,0.3,0.0125,0.12573639275155943,0.26666666666666666,0.015996503496503497,0.12048578961100317
raw_dtw,Y2,102,0.2,0.003404139433551198,0.04813933346314214,0.26666666666666666,0.008280961957432545,0.12033705383511865
raw_dtw,Y200,104,0.5,0.043406593406593405,0.1451166839819001,0.3333333333333333,0.043406593406593405,0.12602975518860976
raw_dtw,Y201,99,0.2,0.007575757575757576,0.134729664815589,0.2,0.010330578512396695,0.12644917522748678
raw_dtw,Y204,113,0.0,0.0,0.0,0.06666666666666667,0.0006321112515802781,0.0030517494364478742
raw_dtw,Y209,120,0.5,0.03184523809523809,0.3214669987593968,0.3333333333333333,0.03184523809523809,0.2831436719589708
raw_dtw,Y21,105,0.0,0.0,0.0,0.0,0.0,0.0
raw_dtw,Y222,101,0.5,0.03041018387553041,0.2606557657430587,0.4666666666666667,0.04031117397454031,0.2438120894624361
raw_dtw,Y226,118,0.4,0.016101694915254237,0.09120161514878679,0.26666666666666666,0.016101694915254237,0.07671579452322733
raw_dtw,Y25,110,0.2,0.008181818181818182,0.17859589877297768,0.2,0.010661157024793389,0.16840450900546666
raw_dtw,Y252,103,0.7,0.05622977346278318,0.6017431238954863,0.7333333333333333,0.08516022812139318,0.6248652857208281
raw_dtw,Y259,123,0.4,0.014905149051490513,0.05468064975385545,0.4666666666666667,0.02557104142469996,0.05870920206875157
raw_dtw,Y263,99,0.9,0.08236732403399069,0.4070135334772938,0.6,0.08236732403399069,0.35533927123772635
raw_dtw,Y268,103,0.8,0.05706580366774542,0.4016562190601762,0.8,0.0884952156796817,0.44349013713593516
raw_dtw,Y269,100,0.8,0.06171031746031746,0.41171593912420285,0.6,0.06813888888888889,0.3395298963253057
raw_dtw,Y27,107,0.4,0.02440290758047767,0.47479014188018465,0.4666666666666667,0.03732581022300648,0.4140083489182902
raw_dtw,Y270,103,0.9,0.08640776699029126,0.7164575809383706,0.6666666666666666,0.09288025889967637,0.5639091098731477
raw_dtw,Y275,108,0.3,0.008179012345679013,0.14436433243766938,0.26666666666666666,0.010648148148148148,0.11475083506876699
raw_dtw,Y290,104,0.2,0.005151098901098901,0.06591376767322776,0.2,0.007370033812341504,0.08345923467589104
raw_dtw,Y299,103,0.2,0.008737864077669903,0.10453592870708192,0.2,0.01116504854368932,0.10254916343121609
raw_dtw,Y303,114,0.2,0.003446115288220551,0.021972503734935447,0.26666666666666666,0.00797667245035666,0.10312699791096269
raw_dtw,Y339,117,0.3,0.009829059829059829,0.14840284675459015,0.26666666666666666,0.012458908612754767,0.1359494306528278
raw_dtw,Y34,120,0.2,0.016666666666666666,0.0794752582275308,0.2,0.018452380952380953,0.09315597157271951
raw_dtw,Y344,109,0.4,0.022426095820591234,0.3065539356407537,0.4666666666666667,0.0347643691680389,0.3746544693170023
raw_dtw,Y347,102,0.2,0.006372549019607843,0.061615206899312165,0.2,0.008473389355742298,0.05524326491338158
raw_dtw,Y349,120,0.6,0.037308201058201054,0.1083872204635355,0.5333333333333333,0.047373136123136116,0.1486893317496081
raw_dtw,Y350,101,0.6,0.04603960396039603,0.392344527882661,0.4,0.04603960396039603,0.31881238630563113
raw_dtw,Y357,103,0.4,0.01604638619201726,0.16716143362427455,0.3333333333333333,0.01978051613973944,0.21150125499891348
raw_dtw,Y358,100,0.4,0.03071428571428571,0.31346725195351244,0.26666666666666666,0.03071428571428571,0.27223748461806696
raw_dtw,Y360,101,0.2,0.00693069306930693,0.16612849595881957,0.2,0.00963096309630963,0.14917415859631314
raw_dtw,Y366,111,0.1,0.001001001001001001,0.005434481485820789,0.13333333333333333,0.0025025025025025025,0.01720510987310799
raw_dtw,Y37,107,0.6,0.046083667111704495,0.5926144575637878,0.5333333333333333,0.0568758344459279,0.5012732856883885
raw_dtw,Y370,127,0.5,0.030096237970253716,0.21688891914172365,0.4666666666666667,0.03797025371828521,0.22581364034933207
raw_dtw,Y372,108,0.5,0.04290123456790123,0.24123069824149235,0.4,0.04753086419753086,0.22106167151400352
raw_dtw,Y38,107,0.3,0.007031597685803293,0.11419116683600533,0.26666666666666666,0.009523809523809523,0.10842233037297067
raw_dtw,Y381,104,0.1,0.003205128205128205,0.057462854899620774,0.13333333333333333,0.004807692307692308,0.061464472402125034
raw_dtw,Y382,118,0.3,0.008333333333333333,0.1003654680090942,0.3333333333333333,0.01494607087827427,0.13140488979952772
raw_dtw,Y385,104,0.6,0.03169642857142857,0.160032802324196,0.4666666666666667,0.03781530969030969,0.15091593723417096
raw_dtw,Y396,104,0.3,0.007211538461538462,0.07130212558707032,0.4,0.01745033812341505,0.0876722746171714
raw_dtw,Y399,113,0.5,0.01962354263239219,0.11019324249598153,0.3333333333333333,0.01962354263239219,0.08954112546054324
raw_dtw,Y4,118,0.2,0.004519774011299435,0.04226206669948989,0.26666666666666666,0.00965588084232152,0.05008664040766569
raw_dtw,Y404,120,0.4,0.012321428571428572,0.06782344179322074,0.5333333333333333,0.028887085137085138,0.1358058296601177
raw_dtw,Y407,117,0.3,0.019658119658119658,0.38864391133114556,0.4,0.02923742923742924,0.3101937309472111
raw_dtw,Y411,106,0.6,0.025950883498053308,0.16599919515858277,0.6,0.04250524109014675,0.25733894020730014
raw_dtw,Y413,110,0.2,0.0053030303030303025,0.10001491563479581,0.2,0.00725108225108225,0.08432214230203108
raw_dtw,Y422,118,0.4,0.012389023405972558,0.14631464185426313,0.4666666666666667,0.023786242006580992,0.1816054320801358
raw_dtw,Y427,110,0.4,0.023484848484848483,0.14295346284194094,0.4666666666666667,0.0357556080283353,0.16736692403888442
raw_dtw,Y429,120,0.1,0.0027777777777777775,0.05135474546955204,0.26666666666666666,0.00847069597069597,0.08240929377891572
raw_dtw,Y431,127,0.1,0.007874015748031496,0.10270949093910409,0.2,0.010573678290213722,0.09805235138923742
raw_dtw,Y432,102,0.4,0.013725490196078431,0.0684017977021735,0.4,0.0211484593837535,0.09469972329844135
raw_dtw,Y434,110,0.1,0.00101010101010101,0.06625422345438904,0.13333333333333333,0.0022222222222222222,0.05681775034886964
raw_dtw,Y437,120,0.1,0.0013888888888888887,0.036585858856715156,0.13333333333333333,0.0025,0.0419170055226323
raw_dtw,Y445,102,0.2,0.012605042016806721,0.12611805330149806,0.13333333333333333,0.012605042016806721,0.1101061597809871
raw_dtw,Y446,103,0.2,0.004368932038834952,0.04419897923252222,0.26666666666666666,0.009198406771222304,0.09896832424180581
raw_dtw,Y447,100,0.0,0.0,0.0,0.06666666666666667,0.0006666666666666666,0.008530460913930237
raw_dtw,Y45,112,0.4,0.01839923469387755,0.3048616702152507,0.4666666666666667,0.03108862863327149,0.30550136837927994
raw_dtw,Y456,102,0.3,0.017973856209150325,0.1874554413350638,0.4,0.029231226290049817,0.23547166559785865
raw_dtw,Y457,104,0.1,0.004807692307692308,0.03619254531425666,0.2,0.00895979020979021,0.07511562789879796
raw_dtw,Y462,111,0.2,0.009009009009009009,0.028215169132147132,0.13333333333333333,0.009009009009009009,0.021871640317133616
raw_dtw,Y469,104,0.3,0.019631410256410256,0.07729992123820213,0.3333333333333333,0.02579511834319527,0.10332023433404718
raw_dtw,Y474,102,0.7,0.05302287581699346,0.3423998946771862,0.6666666666666666,0.07189452704158587,0.4018981571996492
raw_dtw,Y489,107,0.4,0.022585669781931463,0.2004774424133678,0.26666666666666666,0.022585669781931463,0.15540472189366505
raw_dtw,Y493,120,0.1,0.0020833333333333333,0.044234570039123705,0.13333333333333333,0.003273809523809524,0.04888488132043571
raw_dtw,Y496,114,0.2,0.004678362573099415,0.05559613134948216,0.26666666666666666,0.009208919735235523,0.09588418295363406
raw_dtw,Y498,108,0.5,0.028439153439153438,0.14832386618186735,0.3333333333333333,0.028439153439153438,0.12302254122761364
raw_dtw,Y504,111,0.6,0.02782782782782783,0.3190622855769285,0.5333333333333333,0.0391048391048391,0.2953116175776197
raw_dtw,Y505,99,0.7,0.04846079846079847,0.44528298353548806,0.7333333333333333,0.07856016037834221,0.46192994209182603
raw_dtw,Y506,100,0.7,0.050976190476190474,0.3050498325612958,0.8,0.0892983682983683,0.34309845683896495
raw_dtw,Y507,107,0.5,0.01781634772288978,0.11597748710648302,0.5333333333333333,0.03335019082682634,0.13652477869636365
raw_dtw,Y527,103,0.2,0.004584681769147788,0.11048879349351276,0.26666666666666666,0.010006444472463889,0.09807724214246376
raw_dtw,Y534,107,0.3,0.019581664441477523,0.13939145198878414,0.3333333333333333,0.02579507719694635,0.1493428124199237
raw_dtw,Y535,117,0.0,0.0,0.0,0.0,0.0,0.0
raw_dtw,Y540,111,0.3,0.013713713713713716,0.03181389028995496,0.3333333333333333,0.020743470743470743,0.056091073920522844
raw_dtw,Y541,103,0.5,0.03564493758668516,0.2949731957313512,0.6666666666666666,0.0652924745157755,0.3540174213728151
raw_dtw,Y55,108,0.3,0.009876543209876543,0.10368235719592771,0.26666666666666666,0.012962962962962963,0.11701760969695581
raw_dtw,Y551,113,0.5,0.028908554572271386,0.1506509017823098,0.4666666666666667,0.03712275924665305,0.1526759040672349
raw_dtw,Y552,102,0.3,0.01437908496732026,0.1616278629478056,0.26666666666666666,0.01764705882352941,0.15226574137598686
raw_dtw,Y553,107,0.1,0.0013351134846461949,0.014672784419872013,0.06666666666666667,0.0013351134846461949,0.011373947885240316
raw_dtw,Y557,109,0.1,0.001310615989515072,0.014672784419872013,0.26666666666666666,0.007403300063850523,0.047684925783225196
raw_dtw,Y566,111,0.3,0.015615615615615613,0.1146704457710874,0.3333333333333333,0.022083622083622082,0.10092520677081358
raw_dtw,Y572,118,0.8,0.05990045735808447,0.26062436038971626,0.6666666666666666,0.07141718921379937,0.24935456003947032
raw_dtw,Y573,103,0.4,0.01604638619201726,0.11189582826363892,0.3333333333333333,0.02045944885750711,0.10894741452887138
raw_dtw,Y575,102,0.1,0.004901960784313725,0.07582997896518823,0.2,0.008371040723981902,0.07306053143749949
raw_dtw,Y576,110,0.5,0.02005050505050505,0.20801837551192937,0.6,0.04096156368883641,0.25542952976119226
raw_dtw,Y577,114,0.2,0.006892230576441102,0.06969340194761613,0.2,0.009085213032581453,0.0648774271357718
raw_dtw,Y58,107,0.5,0.02191069574247144,0.32428778504185496,0.5333333333333333,0.0358814601805256,0.2832757655345848
raw_dtw,Y580,106,0.5,0.0240041928721174,0.2358755566438996,0.4666666666666667,0.03380099983873568,0.2933878809633503
raw_dtw,Y581,103,0.4,0.012671443982123594,0.21175283735700165,0.4,0.020968001793244515,0.19356756120289445
raw_dtw,Y589,117,0.3,0.006206756206756207,0.13668379661523766,0.26666666666666666,0.008485958485958487,0.11448406419545795
raw_dtw,Y592,102,0.7,0.0579287270463741,0.19117446525281442,0.6666666666666666,0.07884898326074796,0.2001453467858641
raw_dtw,Y593,114,0.1,0.0017543859649122807,0.019926402312843827,0.26666666666666666,0.007881446039340776,0.13216479503867645
raw_dtw,Y594,102,0.2,0.007352941176470588,0.15707638499931847,0.26666666666666666,0.013294711824123588,0.17604189399458237
raw_dtw,Y595,104,0.4,0.01694139194139194,0.0996858651808362,0.26666666666666666,0.01694139194139194,0.08657436787952327
raw_dtw,Y598,104,0.5,0.029532967032967032,0.18564299772552958,0.4666666666666667,0.03882783882783883,0.1831763599299707
raw_dtw,Y6,99,0.3,0.01443001443001443,0.13862992088900583,0.26666666666666666,0.017123617123617124,0.12784467416768483
raw_dtw,Y601,110,0.1,0.0030303030303030303,0.02200917662980802,0.26666666666666666,0.00924075924075924,0.02728956681019425
raw_dtw,Y602,102,0.3,0.007352941176470588,0.05106512445426897,0.3333333333333333,0.015002970885323829,0.10106331742212976
raw_dtw,Y619,118,0.2,0.004519774011299435,0.03473333426959836,0.26666666666666666,0.00909090909090909,0.06368332939713225
raw_dtw,Y624,104,0.1,0.009615384615384616,0.057363827128748,0.13333333333333333,0.011363636363636364,0.08050091930877547
raw_dtw,Y627,120,0.4,0.011689814814814814,0.11951371452469695,0.4666666666666667,0.02317485754985755,0.1432041575801335
raw_dtw,Y633,104,0.3,0.025,0.24909188715034877,0.26666666666666666,0.027747252747252746,0.227278051621467
raw_dtw,Y645,100,0.5,0.04,0.3730057279647102,0.5333333333333333,0.056553446553446546,0.388949941173962
raw_dtw,Y67,111,0.2,0.006006006006006006,0.043922251066651166,0.2,0.0078078078078078084,0.05395175661939355
raw_dtw,Y72,118,0.2,0.0031073446327683617,0.019921039675665185,0.2,0.0054185927067283,0.02055822827311342
raw_dtw,Y78,110,0.2,0.012727272727272726,0.25982522119750334,0.2,0.015,0.21435149602450937
raw_dtw,Y8,107,0.3,0.02118380062305296,0.08413685951949477,0.2,0.02118380062305296,0.07212576511644994
raw_dtw,Y85,99,0.0,0.0,0.0,0.06666666666666667,0.000777000777000777,0.01607092941748342
raw_dtw,Y90,105,0.1,0.009523809523809525,0.06140952874330461,0.13333333333333333,0.010989010989010988,0.08331279579610808
raw_dtw,Y96,127,0.0,0.0,0.0,0.2,0.0035020098012223996,0.06386212510537706
tsfel,Y10,113,0.7,0.053023598820059,0.22095689815847197,0.8,0.08693703052110134,0.26406108238825265
tsfel,Y103,102,0.0,0.0,0.0,0.0,0.0,0.0
tsfel,Y108,113,0.5,0.027180783817951956,0.20698620035334567,0.4666666666666667,0.03539498849233363,0.21814709363832538
tsfel,Y112,108,0.4,0.011364638447971783,0.19250316175163254,0.4,0.019190917107583777,0.18969193694108757
tsfel,Y128,101,0.6,0.03952145214521452,0.2523694666868714,0.6666666666666666,0.06435552895948937,0.305873567345629
tsfel,Y13,115,0.2,0.003933747412008281,0.02869779646676006,0.13333333333333333,0.003933747412008281,0.02413964109540938
tsfel,Y134,112,0.4,0.016723356009070295,0.15483244412464103,0.3333333333333333,0.020443594104308387,0.1460272198142377
tsfel,Y136,100,0.1,0.005,0.027772488774710908,0.26666666666666666,0.011627705627705629,0.04831075460839985
tsfel,Y137,111,0.3,0.008955383955383955,0.062217613132528486,0.4,0.019557394557394556,0.10763121476423072
tsfel,Y143,108,0.4,0.013536155202821868,0.11735252362227269,0.4,0.02201841368508035,0.18593355065271633
tsfel,Y146,101,0.2,0.011881188118811881,0.28371255449703187,0.2,0.01386138613861386,0.2382059014298193
tsfel,Y150,107,0.6,0.032650941996736384,0.38388965856938195,0.4666666666666667,0.03701231271324729,0.3174853481290851
tsfel,Y156,117,0.5,0.035090218423551756,0.13764569758131232,0.4,0.038509021842355176,0.12660365184107517
tsfel,Y158,107,0.5,0.03236537605696484,0.3138991411632707,0.4666666666666667,0.04207062407996987,0.2928188773122051
tsfel,Y161,113,0.5,0.02076485461441214,0.1683838506818337,0.5333333333333333,0.03581101789066391,0.2164955797183818
tsfel,Y168,113,0.7,0.05231071779744346,0.540809523240079,0.6,0.0653839277733083,0.4723990715430635
tsfel,Y172,100,0.1,0.01,0.2200917662980802,0.13333333333333333,0.011666666666666667,0.17983024233378433
tsfel,Y178,110,0.4,0.01611832611832612,0.19428282422826132,0.5333333333333333,0.03418995146267873,0.2859559679244007
tsfel,Y191,104,0.0,0.0,0.0,0.06666666666666667,0.000641025641025641,0.012190704262152071
tsfel,Y194,120,0.3,0.006527777777777777,0.04416571260655747,0.4666666666666667,0.020765345765345767,0.1349591555475201
tsfel,Y195,104,0.6,0.042914377289377297,0.24151454826148255,0.5333333333333333,0.05322009721048183,0.26363158735067754
tsfel,Y2,102,0.4,0.017401960784313726,0.15402423976723387,0.3333333333333333,0.02148692810457516,0.16050491361217054
tsfel,Y200,104,0.2,0.004326923076923077,0.03459186786025244,0.26666666666666666,0.009907880580957503,0.0691182801471115
tsfel,Y201,99,0.0,0.0,0.0,0.0,0.0,0.0
tsfel,Y204,113,0.6,0.04244627054361567,0.14069381228592545,0.5333333333333333,0.05305439398359752,0.15880014592431896
tsfel,Y209,120,0.4,0.020734126984126983,0.1652827174562919,0.4666666666666667,0.03198232323232323,0.18924150826431865
tsfel,Y21,105,0.4,0.026349206349206348,0.22941101075271222,0.4666666666666667,0.03884353741496598,0.2586091685021119
tsfel,Y222,101,0.2,0.01485148514851485,0.2083167266617057,0.2,0.016973125884016973,0.20566697627825767
tsfel,Y226,118,0.3,0.01343825665859564,0.10965259082249183,0.3333333333333333,0.018870677345253616,0.12689106942523226
tsfel,Y25,110,0.4,0.026010101010101008,0.3213228222535906,0.3333333333333333,0.029256854256854255,0.2824636211398534
tsfel,Y252,103,1.0,0.0970873786407767,0.8670065578944273,0.9333333333333333,0.1338347736405989,0.8166800963575758
tsfel,Y259,123,0.7,0.04912246741515034,0.11104672692715595,0.5333333333333333,0.054125594369496814,0.09975667513590683
tsfel,Y263,99,0.9,0.08877665544332211,0.48057837697315514,0.9333333333333333,0.13534977928917322,0.5634739882337545
tsfel,Y268,103,0.9,0.06865079365079366,0.43877209337901846,0.9333333333333333,0.1134152524929224,0.5649512199603868
tsfel,Y269,100,0.9,0.07904365079365078,0.4910554183585158,0.9333333333333333,0.12515104340104338,0.47284807048158745
tsfel,Y27,107,0.7,0.045304850912327554,0.48145357572430864,0.5333333333333333,0.05210179228870818,0.39541864179720765
tsfel,Y270,103,0.8,0.0723724764986901,0.6597938487345556,0.8666666666666667,0.11335770486255925,0.6163736644119961
tsfel,Y275,108,0.7,0.04868827160493828,0.3019579126639732,0.8,0.08417176958843627,0.35032944748268613
tsfel,Y290,104,0.8,0.05848214285714286,0.27733521265968186,0.8666666666666667,0.09907328248674403,0.35697317371693904
tsfel,Y299,103,0.3,0.02912621359223301,0.21886671021631493,0.4666666666666667,0.04478822148725062,0.3223068454935514
tsfel,Y303,114,0.1,0.0043859649122807015,0.010832854137884033,0.26666666666666666,0.010513024986709198,0.10131376459923931
tsfel,Y339,117,0.6,0.03185456518789852,0.20407075790834928,0.6666666666666666,0.053745779386805026,0.21725791437958908
tsfel,Y34,120,0.3,0.009047619047619047,0.03665443831789933,0.4,0.01792124542124542,0.06839201026754385
tsfel,Y344,109,0.1,0.009174311926605505,0.2200917662980802,0.13333333333333333,0.010585744530698658,0.205922303970315
tsfel,Y347,102,0.1,0.0014005602240896359,0.025122525466757542,0.2,0.0047619047619047615,0.1125420670960637
tsfel,Y349,120,0.4,0.01759259259259259,0.14342745893675696,0.3333333333333333,0.020568783068783066,0.149484182582087
tsfel,Y350,101,0.7,0.06806930693069307,0.44588180098130215,0.8,0.10601205724968103,0.434546278807851
tsfel,Y357,103,0.7,0.0637424872861766,0.3430482955179971,0.8,0.10094848517178615,0.4344127542587135
tsfel,Y358,100,0.7,0.06732142857142857,0.36729486138533457,0.7333333333333333,0.0976436063936064,0.3942388895519687
tsfel,Y360,101,0.6,0.03195033789093195,0.280184918172559,0.5333333333333333,0.042181360993242184,0.27855931745645995
tsfel,Y366,111,0.1,0.0018018018018018018,0.10475755484184118,0.13333333333333333,0.0033033033033033035,0.09398486504331392
tsfel,Y37,107,0.4,0.020872274143302182,0.31592107206181985,0.4666666666666667,0.033487073673989565,0.3327669383030456
tsfel,Y370,127,0.6,0.03661417322834645,0.24623882660694132,0.6,0.05043119610048743,0.2712697425337777
tsfel,Y372,108,0.6,0.0371141975308642,0.26937382465060394,0.5333333333333333,0.048297458714125385,0.28733191307872497
tsfel,Y38,107,0.7,0.044203382287494444,0.2942468436255185,0.6666666666666666,0.06357964465441102,0.2734307508565595
tsfel,Y381,104,0.5,0.0242979242979243,0.2105318247847125,0.4666666666666667,0.03428313139851601,0.2206155468911764
tsfel,Y382,118,0.3,0.009745762711864406,0.07207860855265497,0.3333333333333333,0.015597255851493139,0.1054400808943662
tsfel,Y385,104,0.6,0.05448717948717949,0.3066101954184237,0.6666666666666666,0.08054125361817671,0.35744523620235696
tsfel,Y396,104,0.2,0.00405982905982906,0.05928622742606414,0.13333333333333333,0.00405982905982906,0.051488419687808186
tsfel,Y399,113,0.1,0.0029498525073746312,0.05135474546955204,0.06666666666666667,0.0029498525073746312,0.04172997910694129
tsfel,Y4,118,0.5,0.01869114877589454,0.13885707641291006,0.4,0.02292843691148776,0.12905872866775578
tsfel,Y404,120,0.9,0.07416666666666667,0.3561506863141503,0.9333333333333333,0.11258949383949383,0.3373389268984995
tsfel,Y407,117,0.5,0.03159340659340659,0.4618840304540854,0.4666666666666667,0.04085764662687739,0.38921094296076997
tsfel,Y411,106,0.3,0.016037735849056604,0.1838515316801545,0.4,0.027139841290784682,0.2756937014967152
tsfel,Y413,110,0.2,0.011111111111111112,0.2245087145283728,0.26666666666666666,0.016181041181041182,0.2390709010832686
tsfel,Y422,118,0.4,0.013135593220338982,0.14493451088263476,0.4,0.020056497175141245,0.16739983325089544
tsfel,Y427,110,0.6,0.04666666666666666,0.21168732232711726,0.6666666666666666,0.07129960948142766,0.2490924673880454
tsfel,Y429,120,0.5,0.03125,0.2568719293295063,0.4666666666666667,0.039962121212121206,0.2602193265342708
tsfel,Y431,127,0.1,0.003937007874015748,0.00925749625823697,0.13333333333333333,0.005368647100930566,0.017949543699082766
tsfel,Y432,102,0.4,0.019327731092436972,0.20798600303864406,0.3333333333333333,0.022595704948646125,0.18502100750794884
tsfel,Y434,110,0.2,0.011363636363636364,0.11344957519639332,0.2,0.013636363636363636,0.10185319305540262
tsfel,Y437,120,0.5,0.017460317460317457,0.08386294501251824,0.4666666666666667,0.025473137973137973,0.10754961912724716
tsfel,Y445,102,0.6,0.047058823529411764,0.1953636912717723,0.6666666666666666,0.07216933393403983,0.24326150860431206
tsfel,Y446,103,0.3,0.008414239482200648,0.12495835969267612,0.3333333333333333,0.015384615384615384,0.13263752821541092
tsfel,Y447,100,0.4,0.017333333333333333,0.20907201624334643,0.4666666666666667,0.030782051282051283,0.1940071742467224
tsfel,Y45,112,0.5,0.03092049319727891,0.18860454318374212,0.4,0.034747023809523804,0.17474649602809716
tsfel,Y456,102,0.4,0.02875816993464052,0.19151062215185868,0.3333333333333333,0.032843137254901955,0.19336447412540303
tsfel,Y457,104,0.2,0.008653846153846154,0.10664062995840534,0.26666666666666666,0.01362179487179487,0.13227371129533275
tsfel,Y462,111,0.6,0.0366044616044616,0.2674202949800219,0.4666666666666667,0.041108966108966104,0.21603078060573455
tsfel,Y469,104,0.4,0.02606837606837607,0.3137645848386705,0.4,0.0338874800413262,0.3096594519500052
tsfel,Y474,102,0.3,0.008193277310924368,0.04980440001766985,0.4,0.019181308887191238,0.1191008826317607
tsfel,Y489,107,0.7,0.05054517133956386,0.3479324558523626,0.5333333333333333,0.05552959501557632,0.2896122915844455
tsfel,Y493,120,0.6,0.03080357142857143,0.1796951872925531,0.4666666666666667,0.034692460317460316,0.18088930120405503
tsfel,Y496,114,0.4,0.011866471734892789,0.15900138038379338,0.4666666666666667,0.023374408242829298,0.1908794928937156
tsfel,Y498,108,0.4,0.02248677248677249,0.13908800391388979,0.4,0.03096903096903097,0.13509131192306933
tsfel,Y504,111,0.6,0.03656156156156156,0.1758417113599127,0.4666666666666667,0.04106606606606607,0.17997656423779154
tsfel,Y505,99,0.7,0.05126262626262627,0.40567127512397616,0.5333333333333333,0.05747863247863248,0.37947184063693207
tsfel,Y506,100,0.8,0.0776388888888889,0.30701934581501866,0.8,0.10937015762015764,0.30870590405544657
tsfel,Y507,107,0.4,0.03337783711615487,0.11540874790061033,0.4,0.04136424323340211,0.12349079413985249
tsfel,Y527,103,0.5,0.02388657728463554,0.19430210935405778,0.3333333333333333,0.02388657728463554,0.15061776978009983
tsfel,Y534,107,0.5,0.030818869603916332,0.26086173442219807,0.5333333333333333,0.04635271270785289,0.29414310850885966
tsfel,Y535,117,0.3,0.021367521367521368,0.06895550331358809,0.3333333333333333,0.028036778036778037,0.12176634970307182
tsfel,Y540,111,0.2,0.006306306306306306,0.07287828445718869,0.2,0.008558558558558558,0.07800900898172379
tsfel,Y541,103,0.1,0.0010787486515641855,0.018486110171324115,0.2,0.004638619201725998,0.033813880026977876
tsfel,Y55,108,0.0,0.0,0.0,0.06666666666666667,0.0007122507122507123,0.026214982840230935
tsfel,Y551,113,0.6,0.035471976401179946,0.29456039871114714,0.6,0.05185912907151846,0.26766880999897036
tsfel,Y552,102,0.4,0.0176937441643324,0.1180361257017658,0.4,0.027052032934385874,0.15596000442482108
tsfel,Y553,107,0.0,0.0,0.0,0.0,0.0,0.0
tsfel,Y557,109,0.5,0.03766564729867482,0.18648102545566678,0.6,0.05835688266880927,0.21973142527687328
tsfel,Y566,111,0.5,0.03586443586443586,0.2622317484846327,0.4,0.04036894036894037,0.2124960232489369
tsfel,Y572,118,0.7,0.051533494753833745,0.3546456975651402,0.6666666666666666,0.06784627801576956,0.3394914289457379
tsfel,Y573,103,0.3,0.022006472491909384,0.19379769130807928,0.2,0.022006472491909384,0.15022675847623548
tsfel,Y575,102,0.4,0.013725490196078431,0.10883690933651478,0.4,0.021732026143790852,0.1331110646461289
tsfel,Y576,110,0.4,0.019090909090909092,0.23292754652701672,0.5333333333333333,0.037162534435261706,0.2629152025399194
tsfel,Y577,114,0.6,0.03779239766081871,0.12685437681233877,0.4666666666666667,0.04337453482190324,0.16580571761855528
tsfel,Y58,107,0.5,0.03686396677050883,0.26070501535042356,0.3333333333333333,0.03686396677050883,0.2020915167267454
tsfel,Y580,106,0.3,0.010961365678346812,0.15419577317807012,0.26666666666666666,0.014106019766397125,0.14472974110240658
tsfel,Y581,103,0.2,0.004368932038834952,0.1078553582380754,0.26666666666666666,0.009198406771222304,0.10109912042310278
tsfel,Y589,117,0.2,0.006172839506172839,0.022508340949114778,0.13333333333333333,0.006172839506172839,0.017447860584097995
tsfel,Y592,102,0.8,0.06540227201991908,0.26391563405796575,0.7333333333333333,0.0879997725585961,0.2629466516148869
tsfel,Y593,114,0.1,0.0010964912280701754,0.01624928120682605,0.13333333333333333,0.0024460188933873145,0.025706630495853224
tsfel,Y594,102,0.0,0.0,0.0,0.2,0.004360345536816125,0.06655942565533628
tsfel,Y595,104,0.3,0.021794871794871794,0.28251973232911637,0.2,0.021794871794871794,0.24536043495750692
tsfel,Y598,104,0.2,0.014423076923076924,0.04382653133530899,0.3333333333333333,0.022779304029304028,0.0992156558481355
tsfel,Y6,99,0.7,0.040367965367965365,0.27316694621090104,0.6,0.055289912108093926,0.2553757803509805
tsfel,Y601,110,0.6,0.043008658008658,0.25566489418903665,0.4666666666666667,0.04879378197560015,0.217726262543657
tsfel,Y602,102,0.1,0.001633986928104575,0.018347876981380018,0.06666666666666667,0.001633986928104575,0.01583922896867334
tsfel,Y619,118,0.2,0.0030938929244013987,0.03580956575200556,0.4,0.014879282675892844,0.1341482306143431
tsfel,Y624,104,0.1,0.009615384615384616,0.057363827128748,0.06666666666666667,0.009615384615384616,0.048762817048608284
tsfel,Y627,120,0.3,0.006944444444444444,0.03408001927830014,0.3333333333333333,0.013446969696969697,0.06572914524243706
tsfel,Y633,104,0.3,0.008012820512820512,0.04121867286291486,0.4,0.019328427982274132,0.12868798935601453
tsfel,Y645,100,0.5,0.019563492063492064,0.2564856365125331,0.3333333333333333,0.019563492063492064,0.2227505555674153
tsfel,Y67,111,0.5,0.02113899613899614,0.1944610942341068,0.6,0.042257667257667254,0.24928896705990264
tsfel,Y72,118,0.4,0.018361581920903952,0.11876876116506346,0.4,0.02645095017976374,0.14996662796012208
tsfel,Y78,110,0.3,0.016666666666666666,0.2573296282014318,0.4,0.02658008658008658,0.28773613485061444
tsfel,Y8,107,0.3,0.008489096573208723,0.08305088282633692,0.2,0.008489096573208723,0.07119481879470742
tsfel,Y85,99,0.2,0.004264870931537598,0.1209694726377389,0.13333333333333333,0.004264870931537598,0.09820997373200682
tsfel,Y90,105,0.4,0.029251700680272108,0.25061826231886597,0.4,0.03766233766233766,0.25607140847414855
tsfel,Y96,127,0.5,0.019460067491563555,0.11058253952953147,0.4666666666666667,0.02733408323959505,0.09860140740005606
raw_dtw+tsfel,Y10,113,0.6,0.04183171793791262,0.13599877920206552,0.6,0.0577495758911688,0.1996957350389897
raw_dtw+tsfel,Y103,102,0.1,0.00326797385620915,0.0879288391336514,0.13333333333333333,0.004776269482151835,0.08745661700712858
raw_dtw+tsfel,Y108,113,0.2,0.010324483775811208,0.08681165043746682,0.2,0.012220817530552042,0.09190389368422189
raw_dtw+tsfel,Y112,108,0.4,0.024691358024691357,0.28189612797266467,0.26666666666666666,0.024691358024691357,0.24481885212759633
raw_dtw+tsfel,Y128,101,0.5,0.04154879773691655,0.24219248452016154,0.4,0.04579207920792079,0.2150785745609482
raw_dtw+tsfel,Y13,115,0.1,0.0008695652173913044,0.005917111586815563,0.13333333333333333,0.0022073578595317726,0.01854461779670598
raw_dtw+tsfel,Y134,112,0.3,0.023214285714285715,0.21098388704241258,0.26666666666666666,0.025595238095238095,0.20818600295596335
raw_dtw+tsfel,Y136,100,0.1,0.0014285714285714286,0.03423649697970137,0.06666666666666667,0.0014285714285714286,0.026539211732227407
raw_dtw+tsfel,Y137,111,0.2,0.004826254826254826,0.07247785359822695,0.2,0.006905256905256904,0.07432527685969408
raw_dtw+tsfel,Y143,108,0.6,0.03422619047619048,0.24384017417824727,0.5333333333333333,0.04581645206645207,0.2976430759989376
raw_dtw+tsfel,Y146,101,0.1,0.0049504950495049506,0.13886244387355454,0.2,0.009225922592259227,0.1741433685650958
raw_dtw+tsfel,Y150,107,0.6,0.041188251001335115,0.25988735349786457,0.6,0.05889484347428274,0.2530073239514229
raw_dtw+tsfel,Y156,117,0.4,0.02635327635327635,0.12202409226460384,0.26666666666666666,0.02635327635327635,0.09458979471419689
raw_dtw+tsfel,Y158,107,0.3,0.018691588785046728,0.23917247726809845,0.3333333333333333,0.025401389887371197,0.24686666851196867
raw_dtw+tsfel,Y161,113,0.7,0.05088495575221239,0.3610301630860141,0.6,0.06344761433257008,0.3197789722767812
raw_dtw+tsfel,Y168,113,0.7,0.045111672987779176,0.49202456879513795,0.5333333333333333,0.050168563000421405,0.42117291181135663
raw_dtw+tsfel,Y172,100,0.1,0.01,0.2200917662980802,0.13333333333333333,0.011428571428571429,0.17934297798359242
raw_dtw+tsfel,Y178,110,0.4,0.02515151515151515,0.38537715616834634,0.26666666666666666,0.02515151515151515,0.32759452605511963
raw_dtw+tsfel,Y191,104,0.1,0.0009615384615384616,0.016581864725900883,0.06666666666666667,0.0009615384615384616,0.014095615240926895
raw_dtw+tsfel,Y194,120,0.3,0.020833333333333332,0.2844501139295063,0.26666666666666666,0.023611111111111114,0.26101705064715525
raw_dtw+tsfel,Y195,104,0.4,0.02270299145299145,0.1298722573119752,0.3333333333333333,0.026137057387057384,0.12288072195692813
raw_dtw+tsfel,Y2,102,0.2,0.004901960784313725,0.08233916709551661,0.2,0.006862745098039216,0.08220787451955432
raw_dtw+tsfel,Y200,104,0.0,0.0,0.0,0.06666666666666667,0.000641025641025641,0.02495243598710222
raw_dtw+tsfel,Y201,99,0.0,0.0,0.0,0.06666666666666667,0.000777000777000777,0.037498835307461315
raw_dtw+tsfel,Y204,113,0.3,0.011167298777918246,0.06051613953482415,0.26666666666666666,0.01438531969505421,0.07245493626574245
raw_dtw+tsfel,Y209,120,0.4,0.022592592592592595,0.2723804111470903,0.3333333333333333,0.02556878306878307,0.24983257250731927
raw_dtw+tsfel,Y21,105,0.6,0.048888888888888885,0.42125010039527117,0.5333333333333333,0.05873015873015872,0.38888141244266483
raw_dtw+tsfel,Y222,101,0.2,0.00693069306930693,0.1617881108378429,0.26666666666666666,0.01227122712271227,0.18410962138619238
raw_dtw+tsfel,Y226,118,0.4,0.02389359698681733,0.12172174823628656,0.26666666666666666,0.02389359698681733,0.10238832515705933
raw_dtw+tsfel,Y25,110,0.5,0.03452380952380952,0.3571578688034285,0.4666666666666667,0.042662337662337665,0.38070724837162556
raw_dtw+tsfel,Y252,103,0.9,0.08532901833872708,0.836542054541394,0.9333333333333333,0.13009347718085582,0.7898684632864648
raw_dtw+tsfel,Y259,123,0.9,0.06792166731191121,0.12287827213335048,0.7333333333333333,0.0821919498748767,0.13746317945796935
raw_dtw+tsfel,Y263,99,0.9,0.08877665544332211,0.48208740083850726,0.8666666666666667,0.1259221698615638,0.5237556380584719
raw_dtw+tsfel,Y268,103,0.9,0.07350516258283249,0.5320854556280398,0.9333333333333333,0.11826962142496122,0.5546750907628274
raw_dtw+tsfel,Y269,100,0.9,0.08154365079365078,0.4799295640698221,0.9333333333333333,0.12765104340104338,0.4898920925933131
raw_dtw+tsfel,Y27,107,0.5,0.03785046728971962,0.506200187080399,0.4666666666666667,0.047621070518266785,0.43498032205167564
raw_dtw+tsfel,Y270,103,0.9,0.08272846355370626,0.696228398557012,0.8,0.10735593963749304,0.6264024580974696
raw_dtw+tsfel,Y275,108,0.8,0.06403218694885361,0.38089366492769094,0.8666666666666667,0.10311995103661771,0.3759335951881589
raw_dtw+tsfel,Y290,104,0.9,0.06799068986568987,0.28780131554891336,0.8,0.09125076312576313,0.3274192832174572
raw_dtw+tsfel,Y299,103,0.3,0.011280628756356912,0.12532469734867654,0.2,0.011280628756356912,0.09714833501178068
raw_dtw+tsfel,Y303,114,0.3,0.006578947368421052,0.10232439693430441,0.3333333333333333,0.012692716640085061,0.14805134665069747
raw_dtw+tsfel,Y339,117,0.3,0.02564102564102564,0.2405278628628551,0.4,0.03572908572908573,0.23870569214198126
raw_dtw+tsfel,Y34,120,0.3,0.020833333333333332,0.08470180949277582,0.4,0.029706959706959704,0.1309047529374802
raw_dtw+tsfel,Y344,109,0.7,0.04365443425076453,0.3999274391433831,0.7333333333333333,0.07147294601423042,0.38443588286516006
raw_dtw+tsfel,Y347,102,0.2,0.0054466230936819175,0.06037168939711516,0.13333333333333333,0.0054466230936819175,0.049013208874631814
raw_dtw+tsfel,Y349,120,0.4,0.013402777777777779,0.1198204985771299,0.3333333333333333,0.016378968253968253,0.12869149945812675
raw_dtw+tsfel,Y350,101,0.8,0.07545575986170044,0.45908224432992883,0.6666666666666666,0.09117271617271618,0.3924142815473395
raw_dtw+tsfel,Y357,103,0.6,0.04787332408691632,0.4641345586032631,0.5333333333333333,0.058648956221771756,0.4137323085440626
raw_dtw+tsfel,Y358,100,0.7,0.056849206349206344,0.41122720181304817,0.8,0.09517138417138417,0.488667397978379
raw_dtw+tsfel,Y360,101,0.5,0.021837183718371837,0.25719184963666186,0.6,0.04547114052064547,0.32874241098448503
raw_dtw+tsfel,Y366,111,0.1,0.0015015015015015015,0.09645889403072883,0.13333333333333333,0.0031395031395031396,0.08700560648328216
raw_dtw+tsfel,Y37,107,0.5,0.030529595015576325,0.4319620424098837,0.4666666666666667,0.03956386292834891,0.38948093965620983
raw_dtw+tsfel,Y370,127,0.6,0.040091863517060365,0.2478600695657199,0.5333333333333333,0.04822834645669291,0.21902996587117543
raw_dtw+tsfel,Y372,108,0.5,0.02249779541446208,0.1638700728267276,0.5333333333333333,0.03633920092253425,0.2047725344117204
raw_dtw+tsfel,Y38,107,0.8,0.06372199970330811,0.3864511168627979,0.6666666666666666,0.07792041810733398,0.3296990718336983
raw_dtw+tsfel,Y381,104,0.1,0.0010683760683760683,0.014826893966805277,0.26666666666666666,0.008179053852130776,0.07004144160238258
raw_dtw+tsfel,Y382,118,0.5,0.021068738229755177,0.19064769028282044,0.3333333333333333,0.021068738229755177,0.16036655721726323
raw_dtw+tsfel,Y385,104,0.7,0.06312957875457875,0.3113876309639002,0.6666666666666666,0.08260689630881937,0.3331584115825224
raw_dtw+tsfel,Y396,104,0.1,0.001201923076923077,0.07768933903142176,0.13333333333333333,0.002483974358974359,0.07816490523025799
raw_dtw+tsfel,Y399,113,0.5,0.01715479702205366,0.11117654420859452,0.4,0.021579575783115604,0.11289420452373042
raw_dtw+tsfel,Y4,118,0.2,0.009887005649717513,0.06061224172778902,0.26666666666666666,0.015023112480739597,0.07258526148444727
raw_dtw+tsfel,Y404,120,0.7,0.03757275132275132,0.1959702828380389,0.4666666666666667,0.03757275132275132,0.1726079059179895
raw_dtw+tsfel,Y407,117,0.4,0.024786324786324785,0.4415938650302402,0.3333333333333333,0.027838827838827837,0.3626904609768311
raw_dtw+tsfel,Y411,106,0.8,0.0485100329439952,0.33486047466385,0.7333333333333333,0.07100860355577336,0.37949124611489304
raw_dtw+tsfel,Y413,110,0.2,0.008181818181818182,0.22400556151517556,0.2,0.01012987012987013,0.18507479942720592
raw_dtw+tsfel,Y422,118,0.4,0.0211864406779661,0.24650785418163132,0.4,0.029275808936825885,0.25493458697986143
raw_dtw+tsfel,Y427,110,0.6,0.04232323232323232,0.23453636040927744,0.4666666666666667,0.04656565656565656,0.2115611822502316
raw_dtw+tsfel,Y429,120,0.2,0.004047619047619047,0.05440623931929515,0.2,0.005833333333333333,0.07107552756608809
raw_dtw+tsfel,Y431,127,0.0,0.0,0.0,0.0,0.0,0.0
raw_dtw+tsfel,Y432,102,0.4,0.026797385620915035,0.3056863575993014,0.4666666666666667,0.04143470908176791,0.315274325115371
raw_dtw+tsfel,Y434,110,0.3,0.008257575757575757,0.10213949926083656,0.2,0.008257575757575757,0.08299679282171181
raw_dtw+tsfel,Y437,120,0.6,0.02941468253968254,0.16685989879243493,0.5333333333333333,0.03834630647130647,0.17976727790386676
raw_dtw+tsfel,Y445,102,0.2,0.01633986928104575,0.1340004316328417,0.26666666666666666,0.02162804515745692,0.15259101842325565
raw_dtw+tsfel,Y446,103,0.4,0.013707813222376328,0.1393778046498768,0.4,0.021636615811373095,0.1441132701007567
raw_dtw+tsfel,Y447,100,0.1,0.002,0.0170286235283242,0.06666666666666667,0.002,0.013200131006233783
raw_dtw+tsfel,Y45,112,0.6,0.042013888888888885,0.22289855449197868,0.5333333333333333,0.05364808802308802,0.23298194467568323
raw_dtw+tsfel,Y456,102,0.3,0.022222222222222223,0.1869236437397274,0.3333333333333333,0.02874021403433168,0.2299527990521255
raw_dtw+tsfel,Y457,104,0.3,0.008276098901098901,0.11312574621265273,0.3333333333333333,0.014915293040293041,0.13846436653431182
raw_dtw+tsfel,Y462,111,0.4,0.02162162162162162,0.10967032514126264,0.4,0.02932022932022932,0.10809057799756414
raw_dtw+tsfel,Y469,104,0.2,0.016025641025641024,0.04104489635687198,0.26666666666666666,0.021212121212121213,0.07418146224341549
raw_dtw+tsfel,Y474,102,0.3,0.011764705882352941,0.10159220930504326,0.3333333333333333,0.01883116883116883,0.1261367340017074
raw_dtw+tsfel,Y489,107,0.5,0.03688251001335113,0.3289380629998444,0.6,0.0591911982098898,0.33230323048254434
raw_dtw+tsfel,Y493,120,0.6,0.03135912698412698,0.18089312059421594,0.4666666666666667,0.036662157287157285,0.1845627505464828
raw_dtw+tsfel,Y496,114,0.5,0.016722361459203562,0.1671754664263063,0.5333333333333333,0.029835271940535098,0.19693061505199105
raw_dtw+tsfel,Y498,108,0.6,0.04845679012345678,0.14972365104362176,0.5333333333333333,0.05964005130671796,0.15385802473258062
raw_dtw+tsfel,Y504,111,0.5,0.022165022165022166,0.17804342879452373,0.4666666666666667,0.031174031174031176,0.17990897329748892
raw_dtw+tsfel,Y505,99,0.7,0.05227673561006894,0.478463791984518,0.7333333333333333,0.08123834638986153,0.5743513738581982
raw_dtw+tsfel,Y506,100,0.9,0.08900000000000001,0.4188693014970906,0.8666666666666667,0.12515501165501164,0.40923666196281805
raw_dtw+tsfel,Y507,107,0.6,0.03198338525441329,0.1607974981259862,0.6,0.04838302922415071,0.1659570086109334
raw_dtw+tsfel,Y527,103,0.3,0.012944983818770225,0.11467878429361718,0.3333333333333333,0.019168533731640527,0.1365498283386276
raw_dtw+tsfel,Y534,107,0.5,0.02777777777777778,0.3112954431955871,0.6,0.04968593192892259,0.29471552178732496
raw_dtw+tsfel,Y535,117,0.3,0.007000407000407,0.09795563140258526,0.3333333333333333,0.012291412291412292,0.13896364834474012
raw_dtw+tsfel,Y540,111,0.5,0.025425425425425422,0.20709397314134928,0.4,0.02992992992992993,0.1636073532598597
raw_dtw+tsfel,Y541,103,0.4,0.01766450916936354,0.16296307575669464,0.5333333333333333,0.03622313500954278,0.2171539197754391
raw_dtw+tsfel,Y55,108,0.3,0.007660934744268077,0.09361034723805964,0.2,0.007660934744268077,0.08129795156430732
raw_dtw+tsfel,Y551,113,0.7,0.043194268857985677,0.21458208450080848,0.6,0.05522059061882072,0.21884047963803904
raw_dtw+tsfel,Y552,102,0.5,0.022720199190787424,0.1728379057637602,0.4,0.02762215997510115,0.17693000470779283
raw_dtw+tsfel,Y553,107,0.0,0.0,0.0,0.0,0.0,0.0
raw_dtw+tsfel,Y557,109,0.7,0.04568588903451289,0.20310129972067525,0.5333333333333333,0.05235811589022599,0.1931561713251126
raw_dtw+tsfel,Y566,111,0.5,0.018876018876018873,0.11018443823513337,0.6,0.04038079038079038,0.11587220677999945
raw_dtw+tsfel,Y572,118,0.8,0.06504237288135593,0.28459161900703944,0.6666666666666666,0.07791720990873535,0.29049435979171695
raw_dtw+tsfel,Y573,103,0.3,0.021035598705501618,0.1906500952653713,0.2,0.021035598705501618,0.14778682667262616
raw_dtw+tsfel,Y575,102,0.3,0.01699346405228758,0.14233556206996564,0.3333333333333333,0.024032176973353442,0.16214211204965392
raw_dtw+tsfel,Y576,110,0.5,0.017622655122655123,0.2007626997245801,0.6,0.03893331416058689,0.2519980045919115
raw_dtw+tsfel,Y577,114,0.2,0.017543859649122806,0.0794752582275308,0.26666666666666666,0.022275385433280167,0.09846620083868025
raw_dtw+tsfel,Y58,107,0.4,0.025856697819314642,0.28520855043331056,0.4666666666666667,0.03945058057207589,0.28663101980837363
raw_dtw+tsfel,Y580,106,0.4,0.018343815513626835,0.21721145059913047,0.4,0.026675106863786106,0.2283045372589856
raw_dtw+tsfel,Y581,103,0.3,0.010194174757281554,0.1608244989104399,0.3333333333333333,0.016204345815996304,0.15357606004071434
raw_dtw+tsfel,Y589,117,0.1,0.0017094017094017094,0.039733454899423135,0.26666666666666666,0.007244607244607245,0.0860732398051406
raw_dtw+tsfel,Y592,102,0.8,0.06779878618113912,0.25000590893782754,0.7333333333333333,0.089344070961718,0.25032535538059425
raw_dtw+tsfel,Y593,114,0.1,0.0009746588693957114,0.036180094709236214,0.26666666666666666,0.006655527708159287,0.08092325888983873
raw_dtw+tsfel,Y594,102,0.3,0.009430438842203548,0.1064763192708505,0.2,0.009430438842203548,0.0919181441201116
raw_dtw+tsfel,Y595,104,0.3,0.020833333333333332,0.26011148715739235,0.2,0.020833333333333332,0.22589950478940188
raw_dtw+tsfel,Y598,104,0.4,0.0266025641025641,0.11426918913730456,0.26666666666666666,0.0266025641025641,0.097135910260819
raw_dtw+tsfel,Y6,99,0.3,0.016835016835016835,0.19094778143350008,0.26666666666666666,0.019528619528619527,0.1703193216779413
raw_dtw+tsfel,Y601,110,0.1,0.0022727272727272726,0.006319224291303386,0.2,0.005735930735930736,0.023956168704973156
raw_dtw+tsfel,Y602,102,0.3,0.012745098039215686,0.11290313991523568,0.26666666666666666,0.015761689291101055,0.10135926656424779
raw_dtw+tsfel,Y619,118,0.2,0.0032956685499058377,0.018477395956122834,0.26666666666666666,0.007371536185095507,0.08542959390096602
raw_dtw+tsfel,Y624,104,0.1,0.0010683760683760683,0.01726823263183638,0.13333333333333333,0.0025476660092044706,0.044563310129521035
raw_dtw+tsfel,Y627,120,0.3,0.00625,0.07899952831161268,0.3333333333333333,0.01159188034188034,0.08945749777664029
raw_dtw+tsfel,Y633,104,0.5,0.035542582417582416,0.32952114684176864,0.6,0.05766004828504827,0.3934617269409165
raw_dtw+tsfel,Y645,100,0.4,0.028380952380952378,0.3536642193476945,0.4,0.03651282051282051,0.3293311712028244
raw_dtw+tsfel,Y67,111,0.2,0.004804804804804805,0.03473333426959836,0.2,0.007057057057057057,0.04844006943326659
raw_dtw+tsfel,Y72,118,0.4,0.01973365617433414,0.12261705326785903,0.4,0.027497079191994445,0.13939697475808568
raw_dtw+tsfel,Y78,110,0.3,0.016666666666666666,0.2775771810280817,0.4,0.027105318923500737,0.3154664003602792
raw_dtw+tsfel,Y8,107,0.3,0.007343124165554072,0.07553379130679472,0.26666666666666666,0.009835336003560303,0.07635767503509498
raw_dtw+tsfel,Y85,99,0.2,0.003928170594837261,0.08532967010392234,0.2,0.0066829915314763795,0.10910060066411682
raw_dtw+tsfel,Y90,105,0.7,0.0517233560090703,0.3362132275557585,0.5333333333333333,0.057584161869876166,0.3144686153276606
raw_dtw+tsfel,Y96,127,0.6,0.029986876640419945,0.16476649939139512,0.5333333333333333,0.03907949006374203,0.156631663226317
