object_id,mean_mae,disagreement,best_gap,best_model,best_model_index,error_bin,disagreement_bin,error_regime,disagreement_regime
Q100::pattern0::L36,399.0605590004751,55.52110361531279,19.332348959037063,LGBM,2,2,1,high,medium
Q101::pattern0::L36,907.125438498145,173.2726244689378,59.96562118007978,XGB,3,2,2,high,high
Q102::pattern0::L36,600.1174353208851,373.42956179875455,272.14296874999945,AutoETS,0,2,2,high,high
Q103::pattern0::L36,151.4267863452688,35.79547690395561,29.29100768576268,AutoARIMA,1,0,0,low,low
Q104::pattern0::L36,228.00179010029564,44.962135490824274,14.983356690245046,XGB,3,1,0,medium,low
Q105::pattern0::L36,354.60256220478556,168.75823051238675,14.106293741017225,XGB,3,1,2,medium,high
Q106::pattern0::L36,240.27689418636544,40.425801161421234,15.382088464211392,XGB,3,1,0,medium,low
Q107::pattern0::L36,612.6130243986664,102.42530558817778,32.817626953125,AutoARIMA,1,2,1,high,medium
Q108::pattern0::L36,561.159038586071,251.45597253815265,33.44236128071634,LGBM,2,2,2,high,high
Q109::pattern0::L36,246.94790746607651,58.50117775046337,2.2096718564928324,XGB,3,1,1,medium,medium
Q10::pattern0::L36,351.7312580111761,115.99232008085869,30.262922669704494,XGB,3,1,1,medium,medium
Q110::pattern0::L36,730.7085076019039,107.20197962414146,133.39990234375,AutoETS,0,2,1,high,medium
Q111::pattern0::L36,1087.5276884588395,197.4087567279486,58.83008977285681,AutoETS,0,2,2,high,high
Q112::pattern0::L36,630.0730351157338,39.41512929755882,86.620849609375,AutoARIMA,1,2,0,high,low
Q113::pattern0::L36,756.3984803943924,185.4354007166344,295.662109375,AutoETS,0,2,2,high,high
Q114::pattern0::L36,647.4615118027328,28.01587091727321,61.13808822655528,AutoETS,0,2,0,high,low
Q115::pattern0::L36,171.24985614908303,9.367862652333384,4.243467565082483,AutoARIMA,1,0,0,low,low
Q116::pattern0::L36,1081.306951108742,124.97715918698978,196.595947265625,AutoETS,0,2,2,high,high
Q117::pattern0::L36,684.2021898980561,23.347840664237353,0.4041798609014222,LGBM,2,2,0,high,low
Q118::pattern0::L36,727.9312824506682,76.72104908270789,14.480322265624636,XGB,3,2,1,high,medium
Q119::pattern0::L36,402.25193144764046,114.43159911142473,12.435557821811472,XGB,3,2,1,high,medium
Q11::pattern0::L36,174.9969912345074,75.7737319132008,55.02680664062518,AutoETS,0,1,1,medium,medium
Q120::pattern0::L36,388.97906553426094,171.57167800279507,187.740966796875,AutoARIMA,1,2,2,high,high
Q121::pattern0::L36,108.09153048222288,32.50692634864974,30.914786274233848,LGBM,2,0,0,low,low
Q122::pattern0::L36,383.7586067780105,104.31980885680107,24.703268200458297,LGBM,2,1,1,medium,medium
Q123::pattern0::L36,290.11662134004337,46.27387157463511,13.241571280452263,LGBM,2,1,0,medium,low
Q124::pattern0::L36,106.94008493624847,40.958654804373715,38.25717773437509,AutoARIMA,1,0,0,low,low
Q125::pattern0::L36,434.4171216977484,195.5031418423895,19.06807663474342,XGB,3,2,2,high,high
Q126::pattern0::L36,813.504229743588,43.22244539257053,39.62678225560194,XGB,3,2,0,high,low
Q127::pattern0::L36,347.6017344934624,146.24630007400754,2.669291489474972,XGB,3,1,2,medium,high
Q128::pattern0::L36,160.4875741139101,85.21499427066048,19.424417549390455,XGB,3,0,1,low,medium
Q129::pattern0::L36,545.962755352153,64.5606072682295,62.907857346111086,XGB,3,2,1,high,medium
Q12::pattern0::L36,156.0561075732278,111.71211519092947,2.631217402286893,XGB,3,0,1,low,medium
Q130::pattern0::L36,213.1764389767976,85.73545447182794,51.948974609375,AutoETS,0,1,1,medium,medium
Q131::pattern0::L36,351.9503188135893,185.33593020804307,15.183037949670506,AutoARIMA,1,1,2,medium,high
Q132::pattern0::L36,315.57131939566347,28.878146037847408,28.48725659703382,LGBM,2,1,0,medium,low
Q133::pattern0::L36,489.70253748703965,73.10348570020676,30.367962448159687,XGB,3,2,1,high,medium
Q134::pattern0::L36,791.268781140056,153.02144581755036,308.4248315914738,AutoARIMA,1,2,2,high,high
Q135::pattern0::L36,194.89320560495344,57.922514518179305,75.95166015625,AutoARIMA,1,1,1,medium,medium
Q136::pattern0::L36,791.0398737091466,325.123816738428,452.19809570312464,AutoETS,0,2,2,high,high
Q137::pattern0::L36,221.71323253684682,10.724314796912344,2.427001953125,AutoETS,0,1,0,medium,low
Q138::pattern0::L36,126.77359472120281,39.984825937944095,7.224029318313569,LGBM,2,0,0,low,low
Q139::pattern0::L36,256.9782166842841,28.87019358850526,0.05224609375,AutoETS,0,1,0,medium,low
Q13::pattern0::L36,264.0019504337423,28.519808804051742,13.703407203719962,XGB,3,1,0,medium,low
Q140::pattern0::L36,848.9453796642506,159.2369732186611,187.503173828125,AutoETS,0,2,2,high,high
Q141::pattern0::L36,198.29881935002368,91.60183888638441,183.51118164062518,AutoARIMA,1,1,1,medium,medium
Q142::pattern0::L36,241.75021382474904,24.10172561252311,32.96337890625,AutoARIMA,1,1,0,medium,low
Q143::pattern0::L36,118.77117374110185,92.97889587021258,0.3434840269073902,AutoARIMA,1,0,1,low,medium
Q144::pattern0::L36,149.52775372256838,43.18187200833029,49.52703051527351,XGB,3,0,0,low,low
Q145::pattern0::L36,1048.0568116790112,381.9360040857626,140.59267578125036,AutoETS,0,2,2,high,high
Q146::pattern0::L36,2199.9321846311254,706.7648677530103,1378.96875,AutoARIMA,1,2,2,high,high
Q147::pattern0::L36,815.5788910743,65.17039121997902,28.317200039386762,AutoARIMA,1,2,1,high,medium
Q148::pattern0::L36,326.1279228316838,103.04317222768974,34.79416202986022,XGB,3,1,1,medium,medium
Q149::pattern0::L36,60.1425220240327,4.448374477403173,7.705302528869197,LGBM,2,0,0,low,low
Q14::pattern0::L36,96.45692936702955,57.21888866772161,36.14687499999991,AutoARIMA,1,0,1,low,medium
Q150::pattern0::L36,732.9878525894627,189.15477566552414,31.50537109375,AutoETS,0,2,2,high,high
Q151::pattern0::L36,217.10981213867717,33.21508413446386,7.15248097658332,XGB,3,1,0,medium,low
Q152::pattern0::L36,281.6936988618685,71.809123345437,59.640518103723934,AutoARIMA,1,1,1,medium,medium
Q153::pattern0::L36,1302.0982996255543,199.00984877917304,301.5382180334673,AutoARIMA,1,2,2,high,high
Q154::pattern0::L36,3521.4763595889162,31.908395865886472,53.71630859375,AutoETS,0,2,0,high,low
Q155::pattern0::L36,1477.6682826748417,481.2716229249639,2.927577308445507,LGBM,2,2,2,high,high
Q156::pattern0::L36,2540.447989330258,402.1655777798506,302.56637138353335,AutoARIMA,1,2,2,high,high
Q157::pattern0::L36,1753.6842930884745,699.6442848179144,239.92027782264813,AutoARIMA,1,2,2,high,high
Q158::pattern0::L36,1512.0328770905996,59.54519000964316,7.640053284273563,XGB,3,2,1,high,medium
Q159::pattern0::L36,426.8858923838791,61.3822891018904,37.3234226519844,LGBM,2,2,1,high,medium
Q15::pattern0::L36,80.85617108468176,62.38881117036375,23.1475830078125,AutoETS,0,0,1,low,medium
Q160::pattern0::L36,752.3124950027109,271.5531921816791,0.1044921875,AutoARIMA,1,2,2,high,high
Q161::pattern0::L36,7624.7655029296875,1.3258899675615758,0.0,AutoARIMA,1,2,0,high,low
Q162::pattern0::L36,90.87965111269295,58.52673124701773,29.690235310146818,XGB,3,0,1,low,medium
Q163::pattern0::L36,964.8844783592792,400.5557400260367,3.005885391009542,LGBM,2,2,2,high,high
Q164::pattern0::L36,631.4217359366991,123.70584226869941,112.07781288742126,XGB,3,2,2,high,high
Q165::pattern0::L36,511.141514052355,123.04317311048118,14.31201171875,AutoETS,0,2,2,high,high
Q166::pattern0::L36,872.4647302894161,214.08204208681892,110.8023681640625,AutoARIMA,1,2,2,high,high
Q167::pattern0::L36,105.93502774494732,49.128756105623516,38.05212269853928,XGB,3,0,1,low,medium
Q168::pattern0::L36,605.0546430630043,100.8719684567336,25.1793212890625,AutoETS,0,2,1,high,medium
Q169::pattern0::L36,200.22876939963135,82.34997609659322,4.56884765625,AutoETS,0,1,1,medium,medium
Q16::pattern0::L36,59.533425499921805,21.558093788336443,10.33349609375,AutoETS,0,0,0,low,low
Q170::pattern0::L36,333.9845006193518,52.14101181535483,0.21646529602912779,LGBM,2,1,1,medium,medium
Q171::pattern0::L36,572.6885375976562,112.03720457306301,37.137451171875,XGB,3,2,1,high,medium
Q172::pattern0::L36,909.5034794091566,86.11129934118884,0.0,AutoETS,0,2,1,high,medium
Q173::pattern0::L36,607.7359345070374,51.2927877826342,13.560546875,AutoARIMA,1,2,1,high,medium
Q174::pattern0::L36,1329.9155586517406,638.0915430697568,8.19970703125,AutoARIMA,1,2,2,high,high
Q175::pattern0::L36,1872.5238556304585,203.6527453619072,164.57344986558428,XGB,3,2,2,high,high
Q176::pattern0::L36,853.2723850428924,244.30104498296384,77.39653235906917,XGB,3,2,2,high,high
Q177::pattern0::L36,1860.1015685134848,364.12909883739843,657.7115719055018,AutoARIMA,1,2,2,high,high
Q178::pattern0::L36,576.4246637419394,138.05190624047887,23.959548157242352,LGBM,2,2,2,high,high
Q179::pattern0::L36,1285.2483999664234,147.46736315467518,11.069259045382296,XGB,3,2,2,high,high
Q17::pattern0::L36,100.99416936871751,59.994810831209236,10.84436744700497,LGBM,2,0,1,low,medium
Q180::pattern0::L36,1102.7400168903275,192.44695454214946,71.0868074386899,LGBM,2,2,2,high,high
Q181::pattern0::L36,818.0107310460901,77.64419273283215,49.62870667501443,LGBM,2,2,1,high,medium
Q182::pattern0::L36,162.6852571810499,57.70754175226976,0.7646484375,AutoARIMA,1,0,1,low,medium
Q183::pattern0::L36,2671.672092176489,138.16273962295358,50.8720703125,AutoARIMA,1,2,2,high,high
Q184::pattern0::L36,1032.225145573901,530.1804610845155,53.92331907158268,LGBM,2,2,2,high,high
Q185::pattern0::L36,252.19478447679342,162.84359423891595,22.640221891548663,XGB,3,1,2,medium,high
Q186::pattern0::L36,539.7378213555806,102.25616230055508,0.0,AutoETS,0,2,1,high,medium
Q187::pattern0::L36,323.52184578234164,120.70064450890874,0.0,AutoETS,0,1,1,medium,medium
Q188::pattern0::L36,1092.7051757537579,779.8066856472923,773.011962890625,AutoARIMA,1,2,2,high,high
Q189::pattern0::L36,3718.6850913596113,385.98210076706056,56.045523233429776,LGBM,2,2,2,high,high
Q18::pattern0::L36,252.45513997979776,125.68117025310288,55.19999999999982,AutoETS,0,1,2,medium,high
Q190::pattern0::L36,589.3860460297118,587.5094819098495,6.79053267802783,LGBM,2,2,2,high,high
Q191::pattern0::L36,1074.8514045306688,513.6136787988254,50.787209919549696,XGB,3,2,2,high,high
Q192::pattern0::L36,1053.6386061649082,70.8785725534997,2.19580078125,AutoARIMA,1,2,1,high,medium
Q193::pattern0::L36,1253.1516091816452,810.3839790647562,115.78026485158034,AutoETS,0,2,2,high,high
Q194::pattern0::L36,1825.5984038287725,131.62723157306598,4.896057536472654,LGBM,2,2,2,high,high
Q195::pattern0::L36,302.3904048590873,114.6295028326519,1.4033203125,AutoETS,0,1,1,medium,medium
Q196::pattern0::L36,477.2200674504849,243.9470365063883,537.4231933593746,AutoETS,0,2,2,high,high
Q197::pattern0::L36,345.53069377808845,191.6565475764813,8.894168247022662,LGBM,2,1,2,medium,high
Q198::pattern0::L36,466.8901418472609,380.7380532081978,19.608154296875,AutoARIMA,1,2,2,high,high
Q199::pattern0::L36,1323.7458827889861,812.110933157643,466.7979736328125,AutoETS,0,2,2,high,high
Q19::pattern0::L36,2031.798299183165,107.03385374795106,46.826416015625,AutoARIMA,1,2,1,high,medium
Q1::pattern0::L36,60.713496934978025,33.06478895367932,8.787972114912463,XGB,3,0,0,low,low
Q200::pattern0::L36,2185.5923498058073,211.63775276554023,370.1958007812502,AutoARIMA,1,2,2,high,high
Q201::pattern0::L36,350.7068785983399,143.38917520230356,169.40068359374982,AutoETS,0,1,2,medium,high
Q202::pattern0::L36,249.3066888272923,61.69851026186868,3.503662109375,AutoETS,0,1,1,medium,medium
Q203::pattern0::L36,1192.6380715825303,440.03551126333684,513.230224609375,AutoETS,0,2,2,high,high
Q204::pattern0::L36,850.3426410031009,507.52323378146264,6.714799757128503,LGBM,2,2,2,high,high
Q205::pattern0::L36,448.5994155440467,63.344676526574275,22.731002019936568,XGB,3,2,1,high,medium
Q206::pattern0::L36,871.8194260521288,112.08182981095851,85.58154296875,AutoETS,0,2,1,high,medium
Q207::pattern0::L36,292.79795381332565,79.40034662940444,45.371688300177084,XGB,3,1,1,medium,medium
Q208::pattern0::L36,281.9498456444435,140.58769425072552,283.551025390625,AutoARIMA,1,1,2,medium,high
Q209::pattern0::L36,859.2651757463785,58.269798228931876,90.708251953125,AutoARIMA,1,2,1,high,medium
Q20::pattern0::L36,125.35305569844047,32.12198479777539,13.087646484375,AutoARIMA,1,0,0,low,low
Q210::pattern0::L36,518.3951693377995,148.20409829749948,232.463134765625,AutoETS,0,2,2,high,high
Q211::pattern0::L36,388.89504760019463,89.6289359225339,78.79248046875,AutoARIMA,1,1,1,medium,medium
Q212::pattern0::L36,436.2890082215432,219.01914346601575,57.518798828125,AutoETS,0,2,2,high,high
Q213::pattern0::L36,454.983669564994,59.06146183130551,5.1106548224761355,XGB,3,2,1,high,medium
Q214::pattern0::L36,621.2121082552785,547.5288901491872,65.20263671875,AutoETS,0,2,2,high,high
Q215::pattern0::L36,415.72536901727835,345.56013504545274,25.30419921875,AutoETS,0,2,2,high,high
Q216::pattern0::L36,129.44785980822235,36.646766875299576,16.784976782735612,LGBM,2,0,0,low,low
Q217::pattern0::L36,48.602354386737716,26.881453673827004,0.0,AutoETS,0,0,0,low,low
Q218::pattern0::L36,673.587356242035,211.87830564622269,112.43914664782756,AutoARIMA,1,2,2,high,high
Q219::pattern0::L36,1059.7786765725878,218.59891646781114,73.49149488152398,LGBM,2,2,2,high,high
Q21::pattern0::L36,303.47891427704917,106.14937598190322,1.4966964074283169,LGBM,2,1,1,medium,medium
Q220::pattern0::L36,1058.9696228853315,227.90733412937277,86.07124056476391,XGB,3,2,2,high,high
Q221::pattern0::L36,345.73756153709917,72.6320598977597,32.80219525785333,LGBM,2,1,1,medium,medium
Q222::pattern0::L36,341.2460035057561,141.7403236352127,16.9339599609375,AutoARIMA,1,1,2,medium,high
Q223::pattern0::L36,1594.2596769472627,807.8999561575959,73.89253610743344,LGBM,2,2,2,high,high
Q224::pattern0::L36,1153.2286059271682,273.59428538016954,12.398344846013515,LGBM,2,2,2,high,high
Q225::pattern0::L36,2044.295505802184,1072.6501097322532,21.482316177485245,XGB,3,2,2,high,high
Q226::pattern0::L36,1745.367547626758,728.112536256413,185.90053703203012,LGBM,2,2,2,high,high
Q227::pattern0::L36,786.2662867978204,189.16377277070342,0.0,AutoETS,0,2,2,high,high
Q228::pattern0::L36,324.96819174586284,172.2506199377266,24.183610314924067,XGB,3,1,2,medium,high
Q229::pattern0::L36,1147.7791412940728,561.3632911877345,43.62382835988444,XGB,3,2,2,high,high
Q22::pattern0::L36,169.57796868194885,31.591677481376635,29.517226834704616,LGBM,2,0,0,low,low
Q230::pattern0::L36,205.9669805880484,17.08618830346864,7.4951196178185455,XGB,3,1,0,medium,low
Q231::pattern0::L36,159.7518796400367,94.60131120265912,49.122997075771764,AutoETS,0,0,1,low,medium
Q232::pattern0::L36,1370.079186833945,287.9384090784198,0.0283203125,AutoARIMA,1,2,2,high,high
Q233::pattern0::L36,340.83030346822,41.097080495652826,18.33708301350498,XGB,3,1,0,medium,low
Q234::pattern0::L36,182.0672562514062,93.3744474914192,97.759765625,AutoETS,0,1,1,medium,medium
Q235::pattern0::L36,166.08804312978407,68.6109672566508,83.210205078125,AutoETS,0,0,1,low,medium
Q236::pattern0::L36,204.90984884811314,54.13971360186479,83.25585047057757,AutoETS,0,1,1,medium,medium
Q237::pattern0::L36,415.2036878851633,188.92811860285357,273.4819878687781,AutoETS,0,2,2,high,high
Q238::pattern0::L36,293.3275496907314,193.70178595897133,0.8973569660506655,XGB,3,1,2,medium,high
Q239::pattern0::L36,65.37453397957904,8.908606615434266,13.818514472308834,LGBM,2,0,0,low,low
Q23::pattern0::L36,910.787714912212,168.5148531921437,5.485614960527073,LGBM,2,2,2,high,high
Q240::pattern0::L36,250.9552446280535,118.14697385689398,10.6103515625,AutoARIMA,1,1,1,medium,medium
Q241::pattern0::L36,601.1894008099664,19.8284475944918,7.498577012186615,AutoARIMA,1,2,0,high,low
Q242::pattern0::L36,367.13290353386094,141.34005913323944,11.34313757294376,AutoETS,0,1,2,medium,high
Q243::pattern0::L36,202.75208344660894,28.13274234433787,39.21896113543926,LGBM,2,1,0,medium,low
Q244::pattern0::L36,528.4313954908723,109.18218269813731,0.09149086416005048,XGB,3,2,1,high,medium
Q245::pattern0::L36,252.7552672063365,167.90592387418317,60.24298567802498,XGB,3,1,2,medium,high
Q246::pattern0::L36,438.50635938415826,43.78874087269978,17.355045164260446,LGBM,2,2,0,high,low
Q247::pattern0::L36,488.9731772847324,208.1953662732505,12.032470703125,AutoETS,0,2,2,high,high
Q248::pattern0::L36,130.5951320700974,80.19623661458489,27.603794881952126,AutoETS,0,0,1,low,medium
Q249::pattern0::L36,134.625,66.90046244234789,0.0,AutoETS,0,0,1,low,medium
Q24::pattern0::L36,316.8043573397413,7.92413306961117,1.946533203125,XGB,3,1,0,medium,low
Q250::pattern0::L36,178.43604354342756,63.681722331453805,0.0,AutoETS,0,1,1,medium,medium
Q251::pattern0::L36,193.23081436248594,90.50995900151031,32.215982059318776,XGB,3,1,1,medium,medium
Q252::pattern0::L36,186.21847734889855,93.19080969846756,3.1361003700308174,LGBM,2,1,1,medium,medium
Q253::pattern0::L36,254.287332139034,222.127159478656,26.32071527488597,XGB,3,1,2,medium,high
Q254::pattern0::L36,85.81297331417261,23.69439626237124,0.13031122544043683,XGB,3,0,0,low,low
Q255::pattern0::L36,83.43892184039021,21.339419820213497,16.34441029468917,LGBM,2,0,0,low,low
Q256::pattern0::L36,291.35726352278425,108.41458650887772,0.0,AutoETS,0,1,1,medium,medium
Q257::pattern0::L36,320.5672011844871,153.48554699698636,9.922613331698358,XGB,3,1,2,medium,high
Q258::pattern0::L36,482.6160552781613,183.24717032119156,82.21959220639519,XGB,3,2,2,high,high
Q259::pattern0::L36,348.13720266825885,65.00805353664771,2.6299002644645952,LGBM,2,1,1,medium,medium
Q25::pattern0::L36,687.4477687874953,373.5412921814765,546.0851562500002,AutoETS,0,2,2,high,high
Q260::pattern0::L36,566.1999605300775,18.421146136396267,19.188232421875,AutoETS,0,2,0,high,low
Q261::pattern0::L36,144.61346210559685,70.2277781637491,39.1397705078125,AutoARIMA,1,0,1,low,medium
Q262::pattern0::L36,222.95388326349843,136.99645134276182,0.0,AutoETS,0,1,2,medium,high
Q263::pattern0::L36,317.1549280037026,276.8652996018703,18.305336813314625,LGBM,2,1,2,medium,high
Q264::pattern0::L36,305.5275335080503,242.4788493219628,6.993923094701131,XGB,3,1,2,medium,high
Q265::pattern0::L36,200.94712808827535,26.453113744427572,15.359619140625,AutoETS,0,1,0,medium,low
Q266::pattern0::L36,170.78809950091852,50.12230032101329,28.48779296875,AutoETS,0,0,1,low,medium
Q267::pattern0::L36,260.6151531993991,88.34335594683998,38.747802734375,AutoARIMA,1,1,1,medium,medium
Q268::pattern0::L36,277.64381891708035,172.87280779238236,0.0,AutoETS,0,1,2,medium,high
Q269::pattern0::L36,313.9224368731651,7.406566123653947,0.0,AutoETS,0,1,0,medium,low
Q26::pattern0::L36,500.97537239418216,124.33888901334225,41.265869459541136,XGB,3,2,2,high,high
Q270::pattern0::L36,317.98868032855535,59.66605849528182,32.69104943922139,XGB,3,1,1,medium,medium
Q271::pattern0::L36,495.7298154205474,71.88998125669082,26.1239512084353,LGBM,2,2,1,high,medium
Q272::pattern0::L36,591.6776267204763,156.01549518960968,122.32470703125,AutoETS,0,2,2,high,high
Q273::pattern0::L36,806.4698323323632,137.1323017585857,40.47998046875,AutoARIMA,1,2,2,high,high
Q274::pattern0::L36,273.0340917278121,196.74737034099476,41.69935519249839,XGB,3,1,2,medium,high
Q275::pattern0::L36,173.08501450267863,89.8104850758698,7.908477145535471,LGBM,2,0,1,low,medium
Q276::pattern0::L36,257.6465213980357,90.74899254552611,77.517822265625,AutoETS,0,1,1,medium,medium
Q277::pattern0::L36,315.2850646324357,42.097965455614364,10.8359375,AutoARIMA,1,1,0,medium,low
Q278::pattern0::L36,787.6580405256922,165.24811449576453,293.0537109375,AutoARIMA,1,2,2,high,high
Q279::pattern0::L36,455.12796446353263,290.76100430225824,1.5836351978805396,XGB,3,2,2,high,high
Q27::pattern0::L36,716.1899163376928,63.35823253436073,60.42690167889623,XGB,3,2,1,high,medium
Q280::pattern0::L36,298.7238422338778,192.28373657686274,32.263671875,AutoETS,0,1,2,medium,high
Q281::pattern0::L36,452.2552199214323,195.70154503839055,418.77783203125,AutoARIMA,1,2,2,high,high
Q282::pattern0::L36,529.0723117685545,487.79810852461054,31.85174707421811,AutoARIMA,1,2,2,high,high
Q283::pattern0::L36,538.386615255847,52.759033851503496,13.71833602338802,XGB,3,2,1,high,medium
Q284::pattern0::L36,489.10838293963457,167.97147138357283,54.379820821038265,XGB,3,2,2,high,high
Q285::pattern0::L36,429.314284673296,19.609618056551902,0.0,AutoETS,0,2,0,high,low
Q286::pattern0::L36,1109.8420991587143,236.50312904375036,5.425574369232891,XGB,3,2,2,high,high
Q287::pattern0::L36,294.46486275462985,45.949047006981004,33.37449008101976,XGB,3,1,0,medium,low
Q288::pattern0::L36,105.21238263878388,12.71560936797274,2.797284461385516,AutoARIMA,1,0,0,low,low
Q289::pattern0::L36,26.356921517118963,12.366655748797658,3.59521484375,AutoETS,0,0,0,low,low
Q28::pattern0::L36,525.7277236560178,10.887855093943395,15.42767471186653,LGBM,2,2,0,high,low
Q290::pattern0::L36,129.51619440333093,50.37013059867723,84.133544921875,AutoARIMA,1,0,1,low,medium
Q291::pattern0::L36,87.96096369515158,22.70938183108426,28.78857421875,AutoETS,0,0,0,low,low
Q292::pattern0::L36,192.96853350849335,49.149468308322,98.242431640625,AutoARIMA,1,1,1,medium,medium
Q293::pattern0::L36,36.99603024459509,8.040158612148772,11.07422863099464,LGBM,2,0,0,low,low
Q294::pattern0::L36,86.32553320762099,26.098966667159534,12.021728515625,AutoETS,0,0,0,low,low
Q295::pattern0::L36,31.04015989437812,3.056321326100579,0.2685546875,XGB,3,0,0,low,low
Q296::pattern0::L36,17.65655517578125,13.184180094219068,4.367431640625,AutoARIMA,1,0,0,low,low
Q297::pattern0::L36,46.40068468876723,36.437062950703734,10.902787583193913,XGB,3,0,0,low,low
Q298::pattern0::L36,37.07053785815617,16.666764170953442,7.070387629875313,LGBM,2,0,0,low,low
Q299::pattern0::L36,104.18320288447057,50.940191219949476,55.81396484375,AutoARIMA,1,0,1,low,medium
Q29::pattern0::L36,135.6632080078125,31.02216360343728,12.732666015625,XGB,3,0,0,low,low
Q2::pattern0::L36,88.31813314672945,37.53562348022163,35.0419921875,AutoETS,0,0,0,low,low
Q300::pattern0::L36,34.6272074061319,12.746273064904782,12.789306640625,AutoARIMA,1,0,0,low,low
Q301::pattern0::L36,159.06021695029835,16.198811911899906,33.87221545744342,AutoARIMA,1,0,0,low,low
Q302::pattern0::L36,110.06593409409948,22.571342664798088,38.125,AutoARIMA,1,0,0,low,low
Q303::pattern0::L36,56.741235964922,23.69970340792718,35.172607421875,AutoARIMA,1,0,0,low,low
Q304::pattern0::L36,28.665808588428035,10.629708793863928,6.4790996306628585,LGBM,2,0,0,low,low
Q305::pattern0::L36,95.61633621179612,30.67408062595496,26.973876953125,AutoARIMA,1,0,0,low,low
Q306::pattern0::L36,59.93551719140487,53.37182281591689,11.3427734375,AutoARIMA,1,0,1,low,medium
Q307::pattern0::L36,177.9136651848712,21.761217672952547,43.93505859375,AutoARIMA,1,1,0,medium,low
Q308::pattern0::L36,40.86245054680012,21.665859484784914,27.876125547174524,LGBM,2,0,0,low,low
Q309::pattern0::L36,98.05135881704439,17.53196636222518,31.4443359375,AutoETS,0,0,0,low,low
Q30::pattern0::L36,1257.5184981959742,576.3760377824048,137.6893310546875,AutoARIMA,1,2,2,high,high
Q310::pattern0::L36,11.490103556202484,5.261888448929348,5.001708984375,XGB,3,0,0,low,low
Q311::pattern0::L36,43.82345036085974,21.23207876333464,1.8050755096860485,LGBM,2,0,0,low,low
Q312::pattern0::L36,31.896411263212713,6.776478519074599,1.4409662752741497,LGBM,2,0,0,low,low
Q313::pattern0::L36,18.725992463501257,2.213586095323716,0.0,AutoETS,0,0,0,low,low
Q314::pattern0::L36,118.72371251609252,30.400518419516928,46.5302734375,AutoARIMA,1,0,0,low,low
Q315::pattern0::L36,70.84681461676087,58.751660796788684,15.7880859375,AutoARIMA,1,0,1,low,medium
Q316::pattern0::L36,141.85964926996053,44.75083028401283,72.82080078125,AutoARIMA,1,0,0,low,low
Q317::pattern0::L36,76.75818982295152,34.93593709106836,17.81640625,AutoARIMA,1,0,0,low,low
Q318::pattern0::L36,86.12518780182302,22.710405948864388,6.974609375,XGB,3,0,0,low,low
Q319::pattern0::L36,45.90277063217707,11.657366990957785,2.259520028708266,XGB,3,0,0,low,low
Q31::pattern0::L36,487.3840568558293,78.07037394262811,49.08466492331672,XGB,3,2,1,high,medium
Q320::pattern0::L36,61.90564477560895,60.6297493128482,4.253194336810793,XGB,3,0,1,low,medium
Q321::pattern0::L36,38.93847619858332,3.87583562064373,6.713664899553805,AutoARIMA,1,0,0,low,low
Q322::pattern0::L36,34.26895814460613,24.771789291111997,21.57568359375,AutoETS,0,0,0,low,low
Q323::pattern0::L36,53.56298792389032,26.212828298328283,8.17431640625,AutoETS,0,0,0,low,low
Q324::pattern0::L36,47.3173901682793,6.318654126243001,0.0,AutoETS,0,0,0,low,low
Q325::pattern0::L36,66.74873112066712,54.46174271747142,10.202392578125,AutoARIMA,1,0,1,low,medium
Q326::pattern0::L36,66.73594905187565,9.904873575004098,14.26953125,AutoETS,0,0,0,low,low
Q327::pattern0::L36,43.62836532900451,26.918855904979782,15.134765625,AutoETS,0,0,0,low,low
Q328::pattern0::L36,110.83155077985839,3.7942217822450925,6.236847650683558,XGB,3,0,0,low,low
Q329::pattern0::L36,78.62685794972606,56.588871725661335,8.74755859375,AutoARIMA,1,0,1,low,medium
Q32::pattern0::L36,342.8999552298384,92.65325406155604,55.1243978306461,LGBM,2,1,1,medium,medium
Q330::pattern0::L36,53.988921852302155,17.617099247413652,13.532470703125,AutoARIMA,1,0,0,low,low
Q331::pattern0::L36,96.08090149000952,44.44798111749871,91.54150390625,AutoARIMA,1,0,0,low,low
Q332::pattern0::L36,52.39820447138902,19.313167382367,26.091796875,AutoARIMA,1,0,0,low,low
Q333::pattern0::L36,226.14816545159033,137.32931221969392,9.588623046875,AutoARIMA,1,1,2,medium,high
Q334::pattern0::L36,125.68068059165182,68.02380022666509,85.325927734375,AutoETS,0,0,1,low,medium
Q335::pattern0::L36,324.1045211619154,205.18868306563144,62.32861328125,AutoARIMA,1,1,2,medium,high
Q336::pattern0::L36,364.9228370256732,191.96689552811435,20.158935546875,AutoARIMA,1,1,2,medium,high
Q337::pattern0::L36,549.0839995635284,179.7287328971924,40.0009765625,AutoARIMA,1,2,2,high,high
Q338::pattern0::L36,101.69611281284745,12.774523860324118,6.3593475767352174,LGBM,2,0,0,low,low
Q339::pattern0::L36,160.88531564023663,70.42409380242276,120.0422391234465,AutoETS,0,0,1,low,medium
Q33::pattern0::L36,160.6776080638267,7.844322819322053,2.4436204790681586,LGBM,2,0,0,low,low
Q340::pattern0::L36,158.63936843043393,24.712227963144713,13.826559481389268,LGBM,2,0,0,low,low
Q341::pattern0::L36,189.08301940390697,130.82219675150657,6.78955078125,AutoETS,0,1,2,medium,high
Q342::pattern0::L36,79.44955936255542,11.798878258551406,2.232319481471677,AutoETS,0,0,0,low,low
Q343::pattern0::L36,963.2821843521667,211.2520821217735,93.2501688413331,LGBM,2,2,2,high,high
Q344::pattern0::L36,156.5176268650854,57.14800455103255,94.120361328125,AutoARIMA,1,0,1,low,medium
Q345::pattern0::L36,174.12890307846249,84.72981297750779,182.80443067322494,AutoARIMA,1,1,1,medium,medium
Q346::pattern0::L36,506.4062941298679,74.15833881928101,139.38054761322155,AutoARIMA,1,2,1,high,medium
Q347::pattern0::L36,168.3361118882974,94.98949340886095,47.705322265625,AutoARIMA,1,0,1,low,medium
Q348::pattern0::L36,165.10636443111002,45.10459976706776,97.19189453125,AutoETS,0,0,0,low,low
Q349::pattern0::L36,290.1736344245038,52.42697644035646,75.740966796875,AutoETS,0,1,1,medium,medium
Q34::pattern0::L36,1153.10057771581,183.09920733505845,64.36512824605325,XGB,3,2,2,high,high
Q350::pattern0::L36,189.2801360798312,72.12459311542996,9.382141227550164,LGBM,2,1,1,medium,medium
Q351::pattern0::L36,60.40326446484323,20.07337746729037,2.984130859375,AutoETS,0,0,0,low,low
Q352::pattern0::L36,356.25776268141135,91.91975630888012,17.48583984375,AutoARIMA,1,1,1,medium,medium
Q353::pattern0::L36,105.13007318703694,40.90363804985524,12.380586158102233,LGBM,2,0,0,low,low
Q354::pattern0::L36,700.1561261054967,19.579490109690397,36.550285671986785,AutoARIMA,1,2,0,high,low
Q355::pattern0::L36,119.01785233570081,36.13380830069071,16.483762858428236,XGB,3,0,0,low,low
Q356::pattern0::L36,181.18849376674962,112.71247758945294,11.655937042376536,LGBM,2,1,1,medium,medium
Q357::pattern0::L36,137.44870324626595,49.352624184367535,97.385009765625,AutoETS,0,0,1,low,medium
Q358::pattern0::L36,169.20692228128314,55.58893400141181,59.495849609375,AutoETS,0,0,1,low,medium
Q359::pattern0::L36,81.08792772905304,20.40971636963567,35.94472849433714,AutoARIMA,1,0,0,low,low
Q35::pattern0::L36,78.88837872048157,29.54818841827538,7.828809336823724,LGBM,2,0,0,low,low
Q360::pattern0::L36,85.07509456092646,44.185713072965875,67.97298566558084,AutoARIMA,1,0,0,low,low
Q361::pattern0::L36,163.10183602757616,41.82725629106353,15.43004918842962,XGB,3,0,0,low,low
Q362::pattern0::L36,194.75623456994413,39.22568990811606,6.17919921875,AutoARIMA,1,1,0,medium,low
Q363::pattern0::L36,275.19045471586867,51.998412195605646,94.723876953125,AutoETS,0,1,1,medium,medium
Q364::pattern0::L36,266.80839050345867,66.46557057300454,91.95166015625,AutoETS,0,1,1,medium,medium
Q365::pattern0::L36,294.8525667853876,41.61084338768167,16.05872699907468,LGBM,2,1,0,medium,low
Q366::pattern0::L36,228.25546043185318,77.43381226122767,27.267333984375,AutoETS,0,1,1,medium,medium
Q367::pattern0::L36,871.2483238040757,194.1697443790844,207.616455078125,AutoARIMA,1,2,2,high,high
Q368::pattern0::L36,132.4054981732745,51.50919339287229,71.88362254127696,LGBM,2,0,1,low,medium
Q369::pattern0::L36,480.8962795306901,121.97076922109596,5.833251953125,AutoETS,0,2,2,high,high
Q36::pattern0::L36,464.03706969078746,101.91308909068138,77.09359126314985,AutoETS,0,2,1,high,medium
Q370::pattern0::L36,147.28092886499303,81.06813630638221,25.27294921875,AutoARIMA,1,0,1,low,medium
Q371::pattern0::L36,605.7336760577962,320.5146956936279,55.141467643815304,LGBM,2,2,2,high,high
Q372::pattern0::L36,140.8652689887822,50.41692255649526,11.482177734375,XGB,3,0,1,low,medium
Q373::pattern0::L36,216.00128662222687,39.05779465593132,0.00048828125,AutoETS,0,1,0,medium,low
Q374::pattern0::L36,313.5476330433763,122.67053925170822,37.38916015625,AutoARIMA,1,1,2,medium,high
Q375::pattern0::L36,194.11757731022112,62.39299673879316,123.638916015625,AutoARIMA,1,1,1,medium,medium
Q376::pattern0::L36,316.9147290540709,41.077026415382306,56.84619140625,AutoARIMA,1,1,0,medium,low
Q377::pattern0::L36,121.1452654960658,33.188326729945665,11.827392578125,AutoARIMA,1,0,0,low,low
Q378::pattern0::L36,194.11440038634726,137.15842583445632,99.379638671875,AutoETS,0,1,2,medium,high
Q379::pattern0::L36,218.15410886884717,102.5297020451638,107.363037109375,AutoARIMA,1,1,1,medium,medium
Q37::pattern0::L36,160.93144051611557,79.70584284689662,9.61279296875,AutoARIMA,1,0,1,low,medium
Q380::pattern0::L36,219.06690206977294,85.50545771002963,63.44970703125,AutoETS,0,1,1,medium,medium
Q381::pattern0::L36,60.14568187567238,37.83422316361298,10.363561559810478,LGBM,2,0,0,low,low
Q382::pattern0::L36,440.19822701598446,167.93146967282522,0.40966796875,AutoETS,0,2,2,high,high
Q383::pattern0::L36,88.17076181703044,55.59399330066419,32.939208984375,AutoARIMA,1,0,1,low,medium
Q384::pattern0::L36,93.90108098670294,31.24929579076524,52.94384765625,XGB,3,0,0,low,low
Q385::pattern0::L36,229.3212255900038,160.11521208381504,7.809814453125,AutoARIMA,1,1,2,medium,high
Q386::pattern0::L36,258.6141235630171,110.25720706952568,115.8564453125,AutoETS,0,1,1,medium,medium
Q387::pattern0::L36,288.72031965382985,45.568906383729825,22.70622978719439,AutoETS,0,1,0,medium,low
Q388::pattern0::L36,254.02000435973446,89.17817606054479,48.19287109375,AutoARIMA,1,1,1,medium,medium
Q389::pattern0::L36,102.4512287552136,26.195530349227898,29.474365234375,AutoETS,0,0,0,low,low
Q38::pattern0::L36,155.96237596609524,41.62089598344392,67.2026190987558,AutoARIMA,1,0,0,low,low
Q390::pattern0::L36,68.4099772994739,28.703442333997078,7.614762713520577,AutoARIMA,1,0,0,low,low
Q391::pattern0::L36,81.29960111148023,30.430828260526404,57.855142727170914,AutoARIMA,1,0,0,low,low
Q392::pattern0::L36,146.70806884765625,6.567817414662576,15.167724609375,XGB,3,0,0,low,low
Q393::pattern0::L36,83.81380787883813,61.47791546238904,6.081403390352534,XGB,3,0,1,low,medium
Q394::pattern0::L36,136.15168787913763,48.9914110310918,47.85859375000018,AutoARIMA,1,0,1,low,medium
Q395::pattern0::L36,201.21088929131008,59.035224902095216,74.439208984375,AutoARIMA,1,1,1,medium,medium
Q396::pattern0::L36,440.19822701598446,167.93146967282522,0.40966796875,AutoETS,0,2,2,high,high
Q397::pattern0::L36,1294.2540186306505,86.41728387392038,7.74169921875,AutoETS,0,2,1,high,medium
Q398::pattern0::L36,321.6016642388188,129.40040727227083,0.91943359375,AutoETS,0,1,2,medium,high
Q399::pattern0::L36,440.19822701598446,167.93146967282522,0.40966796875,AutoETS,0,2,2,high,high
Q39::pattern0::L36,322.1417451592937,177.05544492130664,41.9983496093746,AutoARIMA,1,1,2,medium,high
Q3::pattern0::L36,413.4098292247677,56.827537782096435,95.94429736782149,AutoETS,0,2,1,high,medium
Q400::pattern0::L36,209.81342243783433,22.21691837666514,3.4250764700873333,XGB,3,1,0,medium,low
Q401::pattern0::L36,184.67589380249478,24.824922722356508,21.68638770997768,AutoARIMA,1,1,0,medium,low
Q402::pattern0::L36,254.02000435973446,89.17817606054479,48.19287109375,AutoARIMA,1,1,1,medium,medium
Q403::pattern0::L36,43.55955139788966,32.91974766330762,5.648117700933653,AutoARIMA,1,0,0,low,low
Q404::pattern0::L36,190.23740156230144,67.85053330594762,116.261056444519,AutoETS,0,1,1,medium,medium
Q405::pattern0::L36,208.40791938654752,45.757970426439044,77.62939453125,AutoARIMA,1,1,0,medium,low
Q406::pattern0::L36,230.77636817588518,180.64032584455344,77.73100585937482,AutoARIMA,1,1,2,medium,high
Q407::pattern0::L36,218.15410886884717,102.5297020451638,107.363037109375,AutoARIMA,1,1,1,medium,medium
Q408::pattern0::L36,165.44270884222067,113.47197372707046,27.86279296875,AutoETS,0,0,1,low,medium
Q409::pattern0::L36,307.70329060559254,130.12301003120376,235.06413898487017,AutoETS,0,1,2,medium,high
Q40::pattern0::L36,322.1020213630725,190.18764723463661,23.490586422710294,LGBM,2,1,2,medium,high
Q410::pattern0::L36,240.5391150135514,160.10537658324202,0.0,AutoETS,0,1,2,medium,high
Q411::pattern0::L36,594.0692526435075,125.92055877410642,184.9609375,AutoETS,0,2,2,high,high
Q412::pattern0::L36,206.06607964795285,107.69799527773867,51.060791015625,AutoARIMA,1,1,1,medium,medium
Q413::pattern0::L36,213.52990565428058,64.99861121986991,0.0,AutoETS,0,1,1,medium,medium
Q414::pattern0::L36,243.3434128025499,212.35340517625917,55.25651855468732,AutoARIMA,1,1,2,medium,high
Q415::pattern0::L36,229.3212255900038,160.11521208381504,7.809814453125,AutoARIMA,1,1,2,medium,high
Q416::pattern0::L36,255.1171434379279,179.7284057572986,73.995849609375,AutoARIMA,1,1,2,medium,high
Q417::pattern0::L36,341.4819860330474,147.06681651218275,157.71044921875,AutoETS,0,1,2,medium,high
Q418::pattern0::L36,297.0562369655596,174.89906970300635,0.0,AutoETS,0,1,2,medium,high
Q419::pattern0::L36,380.82787083875564,124.50174334571027,12.022256879352426,LGBM,2,1,2,medium,high
Q41::pattern0::L36,953.2562297280077,246.19014072943108,100.8818525057809,AutoETS,0,2,2,high,high
Q420::pattern0::L36,193.09049371045285,119.00993336401352,15.43310546875,AutoETS,0,1,1,medium,medium
Q421::pattern0::L36,50.67746315699287,9.853843757704025,19.6875,XGB,3,0,0,low,low
Q422::pattern0::L36,80.48113540347549,58.51311424735211,6.448505261098035,LGBM,2,0,1,low,medium
Q423::pattern0::L36,315.04146034029236,250.9012561258055,39.77734375,AutoETS,0,1,2,medium,high
Q424::pattern0::L36,195.7854583124631,121.74680228095808,1.533678952977425,XGB,3,1,2,medium,high
Q425::pattern0::L36,222.39221531319026,92.76082457113544,28.32861328125,AutoARIMA,1,1,1,medium,medium
Q426::pattern0::L36,83.78865180942137,8.613955132170442,0.0,AutoARIMA,1,0,0,low,low
Q427::pattern0::L36,112.19133460097737,9.482533708971957,0.36669921875,AutoETS,0,0,0,low,low
Q428::pattern0::L36,161.1194051715147,84.78160354195228,59.36845703125073,AutoETS,0,0,1,low,medium
Q429::pattern0::L36,131.58867877003775,87.7481973286297,26.810546875,AutoETS,0,0,1,low,medium
Q42::pattern0::L36,782.0964615071488,82.16263299827816,48.0172301432799,LGBM,2,2,1,high,medium
Q430::pattern0::L36,144.26439237778413,106.80348166779035,4.50341796875,AutoARIMA,1,0,1,low,medium
Q431::pattern0::L36,88.17076181703044,55.59399330066419,32.939208984375,AutoARIMA,1,0,1,low,medium
Q432::pattern0::L36,261.39244339330776,45.743392131897,8.822619004894477,LGBM,2,1,0,medium,low
Q433::pattern0::L36,137.2466555469365,31.847067520157,50.02412109375018,AutoARIMA,1,0,0,low,low
Q434::pattern0::L36,740.7828520599066,296.4337939084102,49.76466019275267,XGB,3,2,2,high,high
Q435::pattern0::L36,80.658336357152,44.473815760170766,27.39601980576731,LGBM,2,0,0,low,low
Q436::pattern0::L36,117.30405502139172,62.047824313527045,12.585136101192347,XGB,3,0,1,low,medium
Q437::pattern0::L36,223.7436850488798,90.09375797443151,5.254986366981029,LGBM,2,1,1,medium,medium
Q438::pattern0::L36,173.70308324740142,68.998158436133,20.420267559918557,XGB,3,0,1,low,medium
Q439::pattern0::L36,86.91279879479657,58.23169371940441,17.639036976062016,XGB,3,0,1,low,medium
Q43::pattern0::L36,254.30268411330815,69.03975980585777,9.867681515518143,LGBM,2,1,1,medium,medium
Q440::pattern0::L36,581.6819213946397,205.7511526588843,11.937988312933612,XGB,3,2,2,high,high
Q441::pattern0::L36,492.3331136790372,30.822338387105166,22.084847294273004,AutoETS,0,2,0,high,low
Q442::pattern0::L36,121.25270269082404,68.54389699031904,7.233906466421331,XGB,3,0,1,low,medium
Q443::pattern0::L36,382.0936159809428,99.18397396671793,43.21458111127231,AutoARIMA,1,1,1,medium,medium
Q444::pattern0::L36,33.49492606751767,8.580896469793018,0.0,AutoARIMA,1,0,0,low,low
Q445::pattern0::L36,162.67292869188225,62.47475038379069,35.28351164252899,XGB,3,0,1,low,medium
Q446::pattern0::L36,16.835146269074357,17.645879081296403,0.58056640625,AutoARIMA,1,0,0,low,low
Q447::pattern0::L36,92.72131757704051,46.952551382273434,30.0654296875,AutoETS,0,0,0,low,low
Q448::pattern0::L36,81.74179313740638,16.50892599348152,0.324462890625,AutoARIMA,1,0,0,low,low
Q449::pattern0::L36,41.454164421847054,18.163221572630547,28.261962890625,AutoARIMA,1,0,0,low,low
Q44::pattern0::L36,61.62146006394937,21.506684100253253,18.5,AutoARIMA,1,0,0,low,low
Q450::pattern0::L36,192.77630882345431,53.850884900865644,102.93508789062525,AutoARIMA,1,1,1,medium,medium
Q451::pattern0::L36,1110.9999491854278,179.41258767405049,38.08462708641355,LGBM,2,2,2,high,high
Q452::pattern0::L36,101.75834176269029,59.639889602983146,12.228839980488829,LGBM,2,0,1,low,medium
Q453::pattern0::L36,367.37461889849,27.93424859788274,17.593788093959574,XGB,3,1,0,medium,low
Q454::pattern0::L36,223.7436850488798,90.09375797443151,5.254986366981029,LGBM,2,1,1,medium,medium
Q455::pattern0::L36,1407.891394668672,302.05927628970113,103.10268804968791,XGB,3,2,2,high,high
Q456::pattern0::L36,259.2941679535227,28.51237628388651,36.003820251590696,XGB,3,1,0,medium,low
Q457::pattern0::L36,1133.8555770924152,544.0071681089498,104.77680055716064,XGB,3,2,2,high,high
Q458::pattern0::L36,110.27685613693336,40.466724639166124,26.753664782108444,XGB,3,0,0,low,low
Q459::pattern0::L36,294.1152424093999,24.542669396715656,4.684358309474646,XGB,3,1,0,medium,low
Q45::pattern0::L36,95.45361160238474,31.002407832276994,26.31329773108655,LGBM,2,0,0,low,low
Q460::pattern0::L36,442.91949779678646,147.4665074040775,28.443395531604892,LGBM,2,2,2,high,high
Q461::pattern0::L36,382.0936159809428,99.18397396671793,43.21458111127231,AutoARIMA,1,1,1,medium,medium
Q462::pattern0::L36,146.8908165138646,24.646994142279883,22.0048828125,AutoETS,0,0,0,low,low
Q463::pattern0::L36,342.49236083697645,164.5003876876273,294.7383300781248,AutoARIMA,1,1,2,medium,high
Q464::pattern0::L36,163.71900460339998,74.91315176035089,4.6332589301500775,LGBM,2,0,1,low,medium
Q465::pattern0::L36,137.06979640555937,108.17776468016355,40.59181047151105,LGBM,2,0,1,low,medium
Q466::pattern0::L36,80.30474385391358,42.33153701443176,70.12514729065424,AutoARIMA,1,0,0,low,low
Q467::pattern0::L36,103.63776782455591,28.795292938868258,30.6064453125,AutoARIMA,1,0,0,low,low
Q468::pattern0::L36,62.79256031215641,58.25386018470279,0.1433857798756435,XGB,3,0,1,low,medium
Q469::pattern0::L36,295.10801640844943,181.62324872210533,59.4111328125,AutoARIMA,1,1,2,medium,high
Q46::pattern0::L36,349.87620292359077,25.62261097803976,3.864821459988434,AutoETS,0,1,0,medium,low
Q470::pattern0::L36,212.72560585600343,129.30914637149712,12.247442955264432,XGB,3,1,2,medium,high
Q471::pattern0::L36,222.21257520073436,179.16027535003295,8.971476540812546,LGBM,2,1,2,medium,high
Q472::pattern0::L36,149.00210609962267,68.16116193165415,82.61962890625,AutoARIMA,1,0,1,low,medium
Q473::pattern0::L36,149.03950638218043,47.02567864971921,31.970703125,AutoARIMA,1,0,0,low,low
Q474::pattern0::L36,79.44936469765821,30.067987051448128,11.387599803117155,LGBM,2,0,0,low,low
Q475::pattern0::L36,73.00669696074453,23.478168364493204,8.774834717978138,XGB,3,0,0,low,low
Q476::pattern0::L36,135.7802593555375,11.743020380259738,20.60235124972496,LGBM,2,0,0,low,low
Q477::pattern0::L36,779.7545627828268,247.47432252795687,4.241758634317648,LGBM,2,2,2,high,high
Q478::pattern0::L36,505.5329519212321,140.1264026111859,22.346488213509474,LGBM,2,2,2,high,high
Q479::pattern0::L36,2523.837000812513,64.18315890371869,0.07421875,AutoETS,0,2,1,high,medium
Q47::pattern0::L36,1587.9754931874863,264.09520070837266,155.91589834380238,LGBM,2,2,2,high,high
Q480::pattern0::L36,645.1511860728359,193.7774899374553,0.0048828125,AutoARIMA,1,2,2,high,high
Q481::pattern0::L36,528.0798005614154,213.0536713953394,209.5966796875,AutoARIMA,1,2,2,high,high
Q482::pattern0::L36,151.85377703915026,90.7040569513766,3.406982421875,XGB,3,0,1,low,medium
Q483::pattern0::L36,396.67989113236945,211.29814681196487,281.8459960937498,AutoARIMA,1,2,2,high,high
Q484::pattern0::L36,342.49236083697645,164.5003876876273,294.7383300781248,AutoARIMA,1,1,2,medium,high
Q485::pattern0::L36,566.7224562013896,200.79765145837544,298.292236328125,AutoARIMA,1,2,2,high,high
Q486::pattern0::L36,106.37395212924173,49.93414942475718,24.61270304821619,AutoARIMA,1,0,1,low,medium
Q487::pattern0::L36,231.7662115004548,144.84322672189404,87.15830078124964,AutoARIMA,1,1,2,medium,high
Q488::pattern0::L36,342.49236083697645,164.5003876876273,294.7383300781248,AutoARIMA,1,1,2,medium,high
Q489::pattern0::L36,153.54939755694681,81.96681179072965,48.01456797533774,LGBM,2,0,1,low,medium
Q48::pattern0::L36,172.51902405413966,61.14581419742634,21.93994140625,AutoARIMA,1,0,1,low,medium
Q490::pattern0::L36,259.41532272849145,143.36415948556228,73.56621093749982,AutoARIMA,1,1,2,medium,high
Q491::pattern0::L36,295.10801640844943,181.62324872210533,59.4111328125,AutoARIMA,1,1,2,medium,high
Q492::pattern0::L36,689.6059697013054,196.378922027537,207.095703125,AutoARIMA,1,2,2,high,high
Q493::pattern0::L36,174.96790547124237,7.2675911957890476,1.2715820312496362,XGB,3,1,0,medium,low
Q494::pattern0::L36,191.91108898284062,117.13898926912195,126.620361328125,AutoETS,0,1,1,medium,medium
Q495::pattern0::L36,295.10801640844943,181.62324872210533,59.4111328125,AutoARIMA,1,1,2,medium,high
Q496::pattern0::L36,224.97353188087243,6.886684504679934,0.8956673983852852,LGBM,2,1,0,medium,low
Q497::pattern0::L36,150.98572088675564,41.5831284822103,54.14205346889776,AutoARIMA,1,0,0,low,low
Q498::pattern0::L36,180.99676702201953,72.86785621019304,136.09814453125,AutoARIMA,1,1,1,medium,medium
Q499::pattern0::L36,202.0870887103017,52.60473859121755,99.68896484375,AutoARIMA,1,1,1,medium,medium
Q49::pattern0::L36,289.53543699866225,4.287066832056448,0.0,AutoETS,0,1,0,medium,low
Q4::pattern0::L36,324.18330986599426,173.04231484957728,53.19677734375,AutoARIMA,1,1,2,medium,high
Q500::pattern0::L36,86.14550670708513,19.148607131049936,18.69629348415947,LGBM,2,0,0,low,low
Q501::pattern0::L36,39.60359984868319,27.90497753825503,4.4051806833922456,LGBM,2,0,0,low,low
Q502::pattern0::L36,161.66487629313326,72.3768978540801,40.4755859375,AutoARIMA,1,0,1,low,medium
Q503::pattern0::L36,103.63776782455591,28.795292938868258,30.6064453125,AutoARIMA,1,0,0,low,low
Q504::pattern0::L36,74.40518413936957,38.67395712173306,3.3459527963177607,XGB,3,0,0,low,low
Q505::pattern0::L36,43.71554203175731,20.867967814291355,40.56201171875,AutoETS,0,0,0,low,low
Q506::pattern0::L36,244.21856410651395,88.42102730279882,93.8826904296875,AutoARIMA,1,1,1,medium,medium
Q507::pattern0::L36,178.8146521117078,118.07788638343489,0.10622284415239847,AutoARIMA,1,1,1,medium,medium
Q508::pattern0::L36,217.19242998112668,105.6836272144104,58.51123046875,AutoARIMA,1,1,1,medium,medium
Q509::pattern0::L36,65.40019897194998,34.20491396882308,0.947265625,AutoETS,0,0,0,low,low
Q50::pattern0::L36,447.0405512043904,265.30132548101875,1.0972634113115873,XGB,3,2,2,high,high
Q510::pattern0::L36,140.14944949927417,55.69221611054172,3.622212059596677,XGB,3,0,1,low,medium
Q511::pattern0::L36,267.8094888990775,65.05283459027929,109.4503173828125,AutoARIMA,1,1,1,medium,medium
Q512::pattern0::L36,104.79586940250374,55.98832539132436,4.216980679210792,XGB,3,0,1,low,medium
Q513::pattern0::L36,159.88677787823053,85.56276407480044,154.408447265625,AutoARIMA,1,0,1,low,medium
Q514::pattern0::L36,61.10258952384606,26.41800766770029,29.9033203125,AutoARIMA,1,0,0,low,low
Q515::pattern0::L36,160.40794381285946,107.00280662658939,60.53564453125,AutoARIMA,1,0,1,low,medium
Q516::pattern0::L36,298.91476717807427,207.95520283267376,14.90188337053587,AutoETS,0,1,2,medium,high
Q517::pattern0::L36,240.93321802124478,220.884346981624,16.6162109375,AutoARIMA,1,1,2,medium,high
Q518::pattern0::L36,178.35903141517792,52.73787914310086,28.0810546875,AutoARIMA,1,1,1,medium,medium
Q519::pattern0::L36,181.55495059155396,97.04121331526093,105.37841796875,AutoARIMA,1,1,1,medium,medium
Q51::pattern0::L36,134.66869761327746,32.748829008412734,9.74589314063951,LGBM,2,0,0,low,low
Q520::pattern0::L36,256.2376613806198,167.0019538827365,66.4326171875,AutoARIMA,1,1,2,medium,high
Q521::pattern0::L36,28.827786886629724,14.679253070860776,19.531473214286052,AutoARIMA,1,0,0,low,low
Q522::pattern0::L36,159.4408147093725,67.9669180739385,118.86669921875,AutoETS,0,0,1,low,medium
Q523::pattern0::L36,65.40019897194998,34.20491396882308,0.947265625,AutoETS,0,0,0,low,low
Q524::pattern0::L36,151.08953403646808,19.235014557715132,10.902587890625,AutoETS,0,0,0,low,low
Q525::pattern0::L36,80.37899641599245,33.338147428024314,11.331914726655214,LGBM,2,0,0,low,low
Q526::pattern0::L36,128.83593167987124,100.03293958236151,31.24774230953244,LGBM,2,0,1,low,medium
Q527::pattern0::L36,65.40019897194998,34.20491396882308,0.947265625,AutoETS,0,0,0,low,low
Q528::pattern0::L36,93.10371657589587,28.268870010513755,0.736148390636572,XGB,3,0,0,low,low
Q529::pattern0::L36,39.99856126867962,9.046677823078268,2.415143512218492,AutoARIMA,1,0,0,low,low
Q52::pattern0::L36,787.4241956043841,67.50194744559273,6.239252738713731,LGBM,2,2,1,high,medium
Q530::pattern0::L36,61.10258952384606,26.41800766770029,29.9033203125,AutoARIMA,1,0,0,low,low
Q531::pattern0::L36,956.3813556848577,127.45751767165066,27.034407114432724,XGB,3,2,2,high,high
Q532::pattern0::L36,533.4253808297141,45.58115232323063,65.01536609229379,AutoETS,0,2,0,high,low
Q533::pattern0::L36,393.6501506482595,85.26042631373016,116.04052734375,AutoETS,0,2,1,high,medium
Q534::pattern0::L36,244.21856410651395,88.42102730279882,93.8826904296875,AutoARIMA,1,1,1,medium,medium
Q535::pattern0::L36,328.40398722230236,181.08863401208862,75.577880859375,AutoARIMA,1,1,2,medium,high
Q536::pattern0::L36,267.8094888990775,65.05283459027929,109.4503173828125,AutoARIMA,1,1,1,medium,medium
Q537::pattern0::L36,249.79869936032344,52.86745671058035,37.61983704531258,LGBM,2,1,1,medium,medium
Q538::pattern0::L36,375.0672560655387,53.64915356722569,63.820293793404744,AutoETS,0,1,1,medium,medium
Q539::pattern0::L36,63.58915087806781,21.692194151053414,29.3896484375,AutoARIMA,1,0,0,low,low
Q53::pattern0::L36,415.28180202069086,126.53756408090236,17.44287109375,AutoETS,0,2,2,high,high
Q540::pattern0::L36,71.42927656464883,51.518868360175865,25.012272274220322,XGB,3,0,1,low,medium
Q541::pattern0::L36,74.40518413936957,38.67395712173306,3.3459527963177607,XGB,3,0,0,low,low
Q542::pattern0::L36,123.17431348711807,39.551984277154034,17.462916252419745,LGBM,2,0,0,low,low
Q543::pattern0::L36,140.14944949927417,55.69221611054172,3.622212059596677,XGB,3,0,1,low,medium
Q544::pattern0::L36,98.36020047511306,54.88523564738465,10.664178568297757,LGBM,2,0,1,low,medium
Q545::pattern0::L36,246.62185485472446,101.73006615840957,32.843864731397844,XGB,3,1,1,medium,medium
Q546::pattern0::L36,299.64011082758464,135.9038855777488,208.30042898995498,AutoARIMA,1,1,2,medium,high
Q547::pattern0::L36,70.62803915878806,42.9024406345791,0.0,AutoETS,0,0,0,low,low
Q548::pattern0::L36,74.40518413936957,38.67395712173306,3.3459527963177607,XGB,3,0,0,low,low
Q549::pattern0::L36,140.14944949927417,55.69221611054172,3.622212059596677,XGB,3,0,1,low,medium
Q54::pattern0::L36,778.1626944217807,213.3190360776671,158.890625,AutoETS,0,2,2,high,high
Q550::pattern0::L36,364.6831927437511,93.17261390841541,36.848662109375255,AutoETS,0,1,1,medium,medium
Q551::pattern0::L36,199.142216300717,150.28476777774367,23.748291015625,AutoETS,0,1,2,medium,high
Q552::pattern0::L36,235.74410382613246,21.78337878933166,10.00439453125,AutoETS,0,1,0,medium,low
Q553::pattern0::L36,279.7160312444057,143.15566063708715,29.164925758872414,XGB,3,1,2,medium,high
Q554::pattern0::L36,74.33081040665115,26.261613872328894,14.513427734375,AutoETS,0,0,0,low,low
Q555::pattern0::L36,57.533317924442485,16.498407040001258,17.776200958480786,LGBM,2,0,0,low,low
Q556::pattern0::L36,126.81769147722764,67.10460446745864,5.95361328125,AutoETS,0,0,1,low,medium
Q557::pattern0::L36,76.06923181617515,11.650408301516208,2.517578125,AutoETS,0,0,0,low,low
Q558::pattern0::L36,274.13461149942486,153.99613932291126,28.008055372700255,XGB,3,1,2,medium,high
Q559::pattern0::L36,120.1913715307237,111.66469264311843,4.56787109375,AutoETS,0,0,1,low,medium
Q55::pattern0::L36,236.218532742506,54.09727741643697,76.837998157524,XGB,3,1,1,medium,medium
Q560::pattern0::L36,17.659143213781135,1.5993586794115773,0.153564453125,XGB,3,0,0,low,low
Q561::pattern0::L36,145.5185727034068,18.91292662132529,20.620777545747842,LGBM,2,0,0,low,low
Q562::pattern0::L36,24.947021484375,10.01553280709099,0.0,LGBM,2,0,0,low,low
Q563::pattern0::L36,241.6300492369055,73.66153981995555,12.444091796875,AutoETS,0,1,1,medium,medium
Q564::pattern0::L36,115.886912822934,58.534942957544075,6.33935546875,AutoETS,0,0,1,low,medium
Q565::pattern0::L36,29.3494475033134,18.30319435134227,4.219970703125,AutoARIMA,1,0,0,low,low
Q566::pattern0::L36,189.88835680776094,92.98014157431044,208.0437592622934,AutoARIMA,1,1,1,medium,medium
Q567::pattern0::L36,398.0795148956695,99.72415334642561,148.055908203125,AutoARIMA,1,2,1,high,medium
Q568::pattern0::L36,324.75790758432083,27.783091988933315,3.6504106783418138,LGBM,2,1,0,medium,low
Q569::pattern0::L36,600.9218901057393,118.36323217007268,216.47607421875,AutoETS,0,2,1,high,medium
Q56::pattern0::L36,245.71300110063913,42.00991192698596,0.0,AutoETS,0,1,0,medium,low
Q570::pattern0::L36,263.3998750677821,70.58122535367224,16.391573947621964,LGBM,2,1,1,medium,medium
Q571::pattern0::L36,563.4822093355822,128.19674525516484,112.65243218892124,LGBM,2,2,2,high,high
Q572::pattern0::L36,324.75790758432083,27.783091988933315,3.6504106783418138,LGBM,2,1,0,medium,low
Q573::pattern0::L36,548.8498712493071,92.49250970859764,27.278076171875,AutoARIMA,1,2,1,high,medium
Q574::pattern0::L36,936.154997080327,227.9410256387829,255.559814453125,AutoETS,0,2,2,high,high
Q575::pattern0::L36,114.17079403584432,115.77537093819524,36.785927734375036,XGB,3,0,1,low,medium
Q576::pattern0::L36,174.29885574694822,156.382342815391,11.055419921875,AutoARIMA,1,1,2,medium,high
Q577::pattern0::L36,199.142216300717,150.28476777774367,23.748291015625,AutoETS,0,1,2,medium,high
Q578::pattern0::L36,146.6156314777228,68.48993692509296,63.3017578125,AutoETS,0,0,1,low,medium
Q579::pattern0::L36,284.23628318655744,253.8964529484644,8.1640625,AutoETS,0,1,2,medium,high
Q57::pattern0::L36,849.0298607890575,96.93929141477675,49.7249755859375,AutoARIMA,1,2,1,high,medium
Q580::pattern0::L36,115.66572503082,81.61680561557057,15.583993873281088,XGB,3,0,1,low,medium
Q581::pattern0::L36,150.01845364063706,141.15626806517986,2.107666015625,AutoARIMA,1,0,2,low,high
Q582::pattern0::L36,126.81769147722764,67.10460446745864,5.95361328125,AutoETS,0,0,1,low,medium
Q583::pattern0::L36,76.87793623745256,34.20653033176937,8.620579268939764,LGBM,2,0,0,low,low
Q584::pattern0::L36,272.9959124667721,247.34158366621233,22.036289062500146,AutoETS,0,1,2,medium,high
Q585::pattern0::L36,154.7015380859375,51.44484185877551,9.029296875,XGB,3,0,1,low,medium
Q586::pattern0::L36,104.37995387911303,54.833088664698025,5.337890625,AutoETS,0,0,1,low,medium
Q587::pattern0::L36,215.24056028608936,45.315441174645855,77.4697265625,AutoETS,0,1,0,medium,low
Q588::pattern0::L36,92.1932285209516,43.52322175544576,20.478271484375,AutoARIMA,1,0,0,low,low
Q589::pattern0::L36,245.07237252379696,186.79887239266787,42.3046875,AutoARIMA,1,1,2,medium,high
Q58::pattern0::L36,339.1991880160965,176.8401466985378,71.47509765625,AutoARIMA,1,1,2,medium,high
Q590::pattern0::L36,126.24939114373103,31.921657937263788,56.51806640625,AutoARIMA,1,0,0,low,low
Q591::pattern0::L36,96.17617625743901,6.554109478094866,8.559943407743958,LGBM,2,0,0,low,low
Q592::pattern0::L36,138.6050723603979,34.19795844304372,60.442626953125,AutoARIMA,1,0,0,low,low
Q593::pattern0::L36,109.94466033370543,33.55144212105455,32.70361328125,AutoARIMA,1,0,0,low,low
Q594::pattern0::L36,22.15147047534367,14.764307716283511,0.70947265625,AutoARIMA,1,0,0,low,low
Q595::pattern0::L36,66.35268802785106,10.817661205187871,0.467041015625,XGB,3,0,0,low,low
Q596::pattern0::L36,238.92500231187705,60.27741523170654,72.4108305962418,LGBM,2,1,1,medium,medium
Q597::pattern0::L36,230.06716644305766,61.123983674494234,7.336314696519366,LGBM,2,1,1,medium,medium
Q598::pattern0::L36,88.3415307584853,32.55376408864808,5.988857434808779,LGBM,2,0,0,low,low
Q599::pattern0::L36,224.33244679336178,21.411190432824466,7.06352337342787,LGBM,2,1,0,medium,low
Q59::pattern0::L36,364.6095953691654,33.74277713787275,20.04159899208844,LGBM,2,1,0,medium,low
Q5::pattern0::L36,660.6650464918041,337.76974729487944,63.22998046875,AutoARIMA,1,2,2,high,high
Q600::pattern0::L36,119.36702563120889,44.497598308030064,14.883629868585558,XGB,3,0,0,low,low
Q601::pattern0::L36,212.09369593784004,51.7504589246967,91.543701171875,AutoARIMA,1,1,1,medium,medium
Q602::pattern0::L36,1958.6752081857223,111.91195371782204,20.56753196163936,XGB,3,2,1,high,medium
Q603::pattern0::L36,314.1940351044434,5.883089065967847,2.685529504101396,LGBM,2,1,0,medium,low
Q604::pattern0::L36,1418.9171903804802,71.11913693763391,24.004944532766558,LGBM,2,2,1,high,medium
Q605::pattern0::L36,570.1529425101555,87.58808856829445,141.1400903531221,XGB,3,2,1,high,medium
Q606::pattern0::L36,622.5734995879102,30.31011113475221,25.544921875,XGB,3,2,0,high,low
Q607::pattern0::L36,154.7015380859375,51.44484185877551,9.029296875,XGB,3,0,1,low,medium
Q608::pattern0::L36,453.197382457033,211.64532502950755,302.28662109375,AutoARIMA,1,2,2,high,high
Q609::pattern0::L36,143.15931533315563,66.83841431977396,0.0,AutoETS,0,0,1,low,medium
Q60::pattern0::L36,168.34268447426484,73.6155915334037,6.422719134190629,LGBM,2,0,1,low,medium
Q610::pattern0::L36,175.6231674500192,58.973104151097175,82.53681640625018,AutoETS,0,1,1,medium,medium
Q611::pattern0::L36,126.24939114373103,31.921657937263788,56.51806640625,AutoARIMA,1,0,0,low,low
Q612::pattern0::L36,431.70727748665547,239.47884211858764,199.8941650390625,AutoARIMA,1,2,2,high,high
Q613::pattern0::L36,152.00873953432944,73.19373936658393,1.7935791015625,AutoARIMA,1,0,1,low,medium
Q614::pattern0::L36,84.25529606361556,18.940166521631234,1.189697265625,AutoETS,0,0,0,low,low
Q615::pattern0::L36,189.50481333616915,77.37780206177904,158.92662639155196,AutoARIMA,1,1,1,medium,medium
Q616::pattern0::L36,195.8223284962378,137.4246044823006,13.775334452548122,LGBM,2,1,2,medium,high
Q617::pattern0::L36,86.82207475151552,60.90894537112866,16.864404296875364,AutoARIMA,1,0,1,low,medium
Q618::pattern0::L36,328.6536173638185,197.59551535688075,275.46474609375036,AutoETS,0,1,2,medium,high
Q619::pattern0::L36,37.469817288944,16.758342580161905,15.237060546875,AutoARIMA,1,0,0,low,low
Q61::pattern0::L36,408.1688456977033,62.47264431099669,0.0,AutoETS,0,2,1,high,medium
Q620::pattern0::L36,232.13401803160946,125.39728549165325,124.09130859375,AutoARIMA,1,1,2,medium,high
Q621::pattern0::L36,44.38775449076718,24.397723902655265,13.864111328124636,AutoARIMA,1,0,0,low,low
Q622::pattern0::L36,245.33938591863398,84.25515542861162,42.2626953125,AutoARIMA,1,1,1,medium,medium
Q623::pattern0::L36,109.94912085322039,32.068299589053574,55.1181640625,AutoARIMA,1,0,0,low,low
Q624::pattern0::L36,43.426464523724235,13.707328405017227,0.11030401447806071,LGBM,2,0,0,low,low
Q625::pattern0::L36,176.11720090787986,146.22721200317872,7.0123291015625,AutoETS,0,1,2,medium,high
Q626::pattern0::L36,253.01202905508728,50.23035559163464,95.75665283203125,AutoETS,0,1,1,medium,medium
Q627::pattern0::L36,130.9495033399785,126.87194972626833,18.445638983836034,LGBM,2,0,2,low,high
Q628::pattern0::L36,263.59865628714704,75.6469982080825,132.05893178921315,AutoETS,0,1,1,medium,medium
Q629::pattern0::L36,651.5317488550311,97.27025178097384,6.81005859375,AutoETS,0,2,1,high,medium
Q62::pattern0::L36,475.6919372684365,306.6098980058033,0.078125,AutoARIMA,1,2,2,high,high
Q630::pattern0::L36,1300.0250805614733,525.6968691326567,786.7067675583935,AutoARIMA,1,2,2,high,high
Q631::pattern0::L36,211.01746214740967,139.00795848014954,0.0,AutoETS,0,1,2,medium,high
Q632::pattern0::L36,513.0766387138932,132.80989621746235,13.888671875,XGB,3,2,2,high,high
Q633::pattern0::L36,963.327185920236,52.86003589034385,0.0,AutoETS,0,2,1,high,medium
Q634::pattern0::L36,418.95922935032263,289.80657513955686,40.75244474504052,XGB,3,2,2,high,high
Q635::pattern0::L36,833.5305353212467,102.15609043962847,88.301025390625,AutoETS,0,2,1,high,medium
Q636::pattern0::L36,549.6321318488804,88.06763126754414,74.43701171875,AutoARIMA,1,2,1,high,medium
Q637::pattern0::L36,253.31579779941399,72.0015369723417,0.03662109375,AutoARIMA,1,1,1,medium,medium
Q638::pattern0::L36,118.58372419544185,50.14187900405617,37.82131903854497,LGBM,2,0,1,low,medium
Q639::pattern0::L36,127.48593539694104,12.693776003585562,14.452392578125,AutoETS,0,0,0,low,low
Q63::pattern0::L36,198.5145727768372,54.28117874312952,87.16209970109867,AutoETS,0,1,1,medium,medium
Q640::pattern0::L36,293.58383073234734,28.027459625835245,0.0,AutoETS,0,1,0,medium,low
Q641::pattern0::L36,90.05831937290259,59.8300471387887,16.084897460937555,AutoETS,0,0,1,low,medium
Q642::pattern0::L36,387.7512495892722,207.6165769381619,0.0068359375,AutoARIMA,1,1,2,medium,high
Q643::pattern0::L36,208.17362800380033,128.42179921614073,2.576904296875,AutoARIMA,1,1,2,medium,high
Q644::pattern0::L36,223.783783656874,104.98763628282586,19.982742049370245,XGB,3,1,1,medium,medium
Q645::pattern0::L36,231.8767164289079,48.96776937610864,0.0302734375,AutoARIMA,1,1,1,medium,medium
Q646::pattern0::L36,111.37012254243734,6.685469263917558,1.3271484375,AutoARIMA,1,0,0,low,low
Q647::pattern0::L36,191.3483089240791,17.766127723693653,0.02734375,AutoARIMA,1,1,0,medium,low
Q648::pattern0::L36,181.53704859291543,43.221103839559966,30.256201171874636,AutoARIMA,1,1,0,medium,low
Q649::pattern0::L36,137.53792049535605,21.81266745637703,0.029296875,AutoARIMA,1,0,0,low,low
Q64::pattern0::L36,120.60110457887515,62.663028632407645,49.33203125,AutoETS,0,0,1,low,medium
Q650::pattern0::L36,221.9308769564866,43.35397173022007,0.03076171875,AutoARIMA,1,1,0,medium,low
Q651::pattern0::L36,240.96378261367596,140.3912867455912,0.009765625,AutoETS,0,1,2,medium,high
Q652::pattern0::L36,116.74501406602997,6.849643380375004,2.370849609375,XGB,3,0,0,low,low
Q653::pattern0::L36,154.86479211801077,64.32622998646725,14.2003173828125,AutoARIMA,1,0,1,low,medium
Q654::pattern0::L36,441.24877126427884,40.74700425833027,3.0789522446161754,XGB,3,2,0,high,low
Q655::pattern0::L36,231.31451745225843,48.84249144665376,0.03125,AutoARIMA,1,1,0,medium,low
Q656::pattern0::L36,240.42657554272728,32.68820538721275,63.718994140625,AutoARIMA,1,1,0,medium,low
Q657::pattern0::L36,148.67061934292133,14.896952087409588,29.552219893939764,LGBM,2,0,0,low,low
Q658::pattern0::L36,104.21460531527089,15.03371229747404,6.1317154576668145,LGBM,2,0,0,low,low
Q659::pattern0::L36,185.90967177037476,15.994755108406538,11.955316824750753,LGBM,2,1,0,medium,low
Q65::pattern0::L36,672.844345180047,432.46815083416607,371.65283203125,AutoETS,0,2,2,high,high
Q660::pattern0::L36,161.40350177643404,17.118595199035564,1.4900553942643455,LGBM,2,0,0,low,low
Q661::pattern0::L36,438.5059615107407,13.536058190397759,0.01123046875,AutoARIMA,1,2,0,high,low
Q662::pattern0::L36,368.3472664430345,200.16073668353528,154.62890625,AutoARIMA,1,1,2,medium,high
Q663::pattern0::L36,137.74567029503646,52.680771777961176,25.367904757354154,LGBM,2,0,1,low,medium
Q664::pattern0::L36,438.2934191550633,338.43621838173925,70.619140625,AutoARIMA,1,2,2,high,high
Q665::pattern0::L36,664.8976797388714,279.7410065635851,18.976339072673,XGB,3,2,2,high,high
Q666::pattern0::L36,980.8290820457067,322.8916688096132,23.43798828125,AutoARIMA,1,2,2,high,high
Q667::pattern0::L36,213.99070298677782,34.5162652577572,42.3310546875,XGB,3,1,0,medium,low
Q668::pattern0::L36,641.658445270373,273.31768499106767,13.3544921875,AutoETS,0,2,2,high,high
Q669::pattern0::L36,2107.485313008409,26.158729244575184,24.4984492992603,AutoARIMA,1,2,0,high,low
Q66::pattern0::L36,304.4147199255069,43.6556285505558,14.75341796875,AutoETS,0,1,0,medium,low
Q670::pattern0::L36,794.8567038878925,435.68705295483574,235.538330078125,AutoARIMA,1,2,2,high,high
Q671::pattern0::L36,206.88623565445653,60.280313006982965,14.091796875,AutoARIMA,1,1,1,medium,medium
Q672::pattern0::L36,1154.2942896699192,504.78543181729924,191.572998046875,AutoETS,0,2,2,high,high
Q673::pattern0::L36,261.8195966464764,111.30388384749443,0.0,AutoETS,0,1,1,medium,medium
Q674::pattern0::L36,610.4190470403865,293.6301421646261,49.0634765625,AutoARIMA,1,2,2,high,high
Q675::pattern0::L36,299.10270251053134,167.52878952528138,0.009765625,AutoETS,0,1,2,medium,high
Q676::pattern0::L36,769.5071213789188,342.07924040544,31.476806640625,AutoARIMA,1,2,2,high,high
Q677::pattern0::L36,189.87213829695372,181.00458461745825,0.0,AutoETS,0,1,2,medium,high
Q678::pattern0::L36,714.1240748343732,174.04026479776033,5.48910105313098,LGBM,2,2,2,high,high
Q679::pattern0::L36,315.94006867948985,38.716463744226424,40.57961065545942,AutoETS,0,1,0,medium,low
Q67::pattern0::L36,488.3365620933498,42.01120241366225,13.300252279649612,XGB,3,2,0,high,low
Q680::pattern0::L36,477.4181497690488,217.57024109097836,0.0,AutoETS,0,2,2,high,high
Q681::pattern0::L36,763.9781167105668,446.2053166809222,33.02831156883008,XGB,3,2,2,high,high
Q682::pattern0::L36,1013.8717296677469,220.50246554637994,35.80568386807522,LGBM,2,2,2,high,high
Q683::pattern0::L36,304.4626699238492,258.8637735375743,0.0,AutoETS,0,1,2,medium,high
Q684::pattern0::L36,3593.0160173695263,332.22574084267904,69.5686063031444,LGBM,2,2,2,high,high
Q685::pattern0::L36,241.76181449547846,131.5960014857602,72.18417204441312,XGB,3,1,2,medium,high
Q686::pattern0::L36,838.4895284117972,177.73378176300528,106.23583984375,AutoARIMA,1,2,2,high,high
Q687::pattern0::L36,363.6537638729908,244.4519929808781,53.4029541015625,AutoETS,0,1,2,medium,high
Q688::pattern0::L36,801.0090590055382,34.03470764462062,4.900146484375,AutoARIMA,1,2,0,high,low
Q689::pattern0::L36,1092.3136448897199,418.89003833277076,0.1513671875,AutoARIMA,1,2,2,high,high
Q68::pattern0::L36,647.3942011249478,131.45403168472725,7.073874812291251,XGB,3,2,2,high,high
Q690::pattern0::L36,590.1164305416137,178.8524278860514,42.07568359375,AutoARIMA,1,2,2,high,high
Q691::pattern0::L36,884.1128472027656,317.1040902675268,283.16888462643783,LGBM,2,2,2,high,high
Q692::pattern0::L36,929.1389107425994,476.46522431730256,314.6806640625,AutoARIMA,1,2,2,high,high
Q693::pattern0::L36,473.1596462662436,14.313609817505377,3.249647356901278,LGBM,2,2,0,high,low
Q694::pattern0::L36,270.6194193439277,116.05734809354371,18.8980712890625,AutoARIMA,1,1,1,medium,medium
Q695::pattern0::L36,890.7929205385236,271.5737819976556,49.30517578125,AutoARIMA,1,2,2,high,high
Q696::pattern0::L36,101.45066855179493,41.55042928866612,19.146728515625,AutoETS,0,0,0,low,low
Q697::pattern0::L36,1265.311064902095,89.27121527600393,75.23291015625,AutoARIMA,1,2,1,high,medium
Q698::pattern0::L36,769.0498708736118,221.8010972741774,26.7591552734375,AutoARIMA,1,2,2,high,high
Q699::pattern0::L36,155.7466758778428,49.652036453914306,0.0,AutoETS,0,0,1,low,medium
Q69::pattern0::L36,95.85777436863157,48.90237773200175,59.80092169327736,AutoETS,0,0,1,low,medium
Q6::pattern0::L36,128.53612472083432,44.5687271220816,1.2841796875,AutoARIMA,1,0,0,low,low
Q700::pattern0::L36,18.986381274018072,10.835614042806233,5.280517578125,AutoARIMA,1,0,0,low,low
Q701::pattern0::L36,35.40634189164791,22.72389277130573,0.430419921875,AutoARIMA,1,0,0,low,low
Q702::pattern0::L36,21.06717038342515,7.127093922215258,6.642333984375,XGB,3,0,0,low,low
Q703::pattern0::L36,23.887504320893072,10.378538103386195,11.287353515625,XGB,3,0,0,low,low
Q704::pattern0::L36,41.178110752118755,20.01245400145723,9.6181640625,AutoARIMA,1,0,0,low,low
Q705::pattern0::L36,68.52132718569885,35.77945022914445,67.454345703125,AutoARIMA,1,0,0,low,low
Q706::pattern0::L36,70.37802587181773,39.14574744228958,1.62646484375,AutoETS,0,0,0,low,low
Q707::pattern0::L36,76.41217052882723,32.00245585660759,4.054004380934657,XGB,3,0,0,low,low
Q708::pattern0::L36,151.9137395725577,61.28505085283292,0.34521484375,AutoARIMA,1,0,1,low,medium
Q709::pattern0::L36,107.28550474372366,67.22260590915472,4.081992187499964,AutoETS,0,0,1,low,medium
Q70::pattern0::L36,576.6352554050674,196.60810319856176,20.854986464019476,XGB,3,2,2,high,high
Q710::pattern0::L36,77.76741186030495,24.58045086931417,0.0,AutoETS,0,0,0,low,low
Q711::pattern0::L36,107.4550084932115,43.54629813947094,8.20947265625,AutoETS,0,0,0,low,low
Q712::pattern0::L36,339.2647290865964,62.09213069441154,96.039794921875,AutoETS,0,1,1,medium,medium
Q713::pattern0::L36,24.584168982573942,5.322443874275012,8.9609375,XGB,3,0,0,low,low
Q714::pattern0::L36,189.27875403411406,74.5023499962382,2.85498046875,AutoETS,0,1,1,medium,medium
Q715::pattern0::L36,137.18212425319905,53.23231150208088,0.0,AutoETS,0,0,1,low,medium
Q716::pattern0::L36,105.92866994167423,83.69088169334064,17.737060546875,AutoARIMA,1,0,1,low,medium
Q717::pattern0::L36,193.03694787872996,59.963408179942405,20.51708984375,AutoETS,0,1,1,medium,medium
Q718::pattern0::L36,46.38663813303481,18.32808397365663,13.94059550088923,XGB,3,0,0,low,low
Q719::pattern0::L36,220.45397440073805,51.17181224452166,0.0029296875,AutoARIMA,1,1,1,medium,medium
Q71::pattern0::L36,2247.044298881892,171.11269440726775,115.676513671875,AutoARIMA,1,2,2,high,high
Q720::pattern0::L36,58.58773704809744,25.577749309386395,3.677860401360249,LGBM,2,0,0,low,low
Q721::pattern0::L36,87.22666716964284,52.38839549241921,0.0,AutoETS,0,0,1,low,medium
Q722::pattern0::L36,17.258274397905893,5.371090842107956,10.119873046875,AutoARIMA,1,0,0,low,low
Q723::pattern0::L36,257.79028550799535,9.098156747837558,0.0,AutoETS,0,1,0,medium,low
Q724::pattern0::L36,96.7815784960045,51.063006172814994,38.76806640625,AutoETS,0,0,1,low,medium
Q725::pattern0::L36,143.76097830473657,9.034718417423871,4.518798828125,AutoETS,0,0,0,low,low
Q726::pattern0::L36,110.50513072225658,70.72217426261811,10.054545191331272,LGBM,2,0,1,low,medium
Q727::pattern0::L36,278.2581314005283,136.81285281264314,91.886962890625,AutoARIMA,1,1,2,medium,high
Q728::pattern0::L36,141.26673977868018,41.929197686758386,0.3167518227792243,LGBM,2,0,0,low,low
Q729::pattern0::L36,101.92886127358133,49.688312723903046,67.58419921874975,AutoARIMA,1,0,1,low,medium
Q72::pattern0::L36,135.2369993371051,67.13038526040525,18.10913016092036,AutoETS,0,0,1,low,medium
Q730::pattern0::L36,68.52386385443731,53.317433185877,4.9541601562496,AutoETS,0,0,1,low,medium
Q731::pattern0::L36,122.70250863491947,85.52620033329036,54.693359375,AutoARIMA,1,0,1,low,medium
Q732::pattern0::L36,1739.1022472301356,1026.978248408698,38.69316860804247,XGB,3,2,2,high,high
Q733::pattern0::L36,942.1652691753117,111.86118822816246,4.4306640625,AutoETS,0,2,1,high,medium
Q734::pattern0::L36,41.7198736602345,29.190826885515158,18.584716796875,AutoETS,0,0,0,low,low
Q735::pattern0::L36,122.63049236917539,77.87446802502865,5.392947515485957,LGBM,2,0,1,low,medium
Q736::pattern0::L36,1667.2542659121245,1336.7147334381311,8.08935546875,AutoETS,0,2,2,high,high
Q737::pattern0::L36,1446.0693727363675,541.7530129200992,28.123194070470163,XGB,3,2,2,high,high
Q738::pattern0::L36,175.09689789659467,93.7724266700146,7.141741977003676,XGB,3,1,1,medium,medium
Q739::pattern0::L36,411.8322033849031,327.26982865509285,95.6474609375,AutoARIMA,1,2,2,high,high
Q73::pattern0::L36,560.2504696049809,10.210463877252216,4.738694826173742,XGB,3,2,0,high,low
Q740::pattern0::L36,367.25022864275957,288.5707562565504,32.573180196038265,XGB,3,1,2,medium,high
Q741::pattern0::L36,517.9935637379789,428.66820949214787,166.06871379808445,LGBM,2,2,2,high,high
Q742::pattern0::L36,50.00591865882063,25.71923284024554,0.09521484375,AutoETS,0,0,0,low,low
Q743::pattern0::L36,670.118264281552,505.1687984018983,21.114048337145505,AutoETS,0,2,2,high,high
Q744::pattern0::L36,338.84940638993356,79.54246243961445,114.09782087223425,AutoETS,0,1,1,medium,medium
Q745::pattern0::L36,54.915661708078005,22.84283137776923,48.210693359375,AutoARIMA,1,0,0,low,low
Q746::pattern0::L36,2477.140554230139,2199.052592790551,83.99485095053683,LGBM,2,2,2,high,high
Q747::pattern0::L36,221.2308303288478,66.76183718828814,144.47263772164115,AutoETS,0,1,1,medium,medium
Q748::pattern0::L36,135.5752545391765,19.23618185617517,32.851806640625,AutoARIMA,1,0,0,low,low
Q749::pattern0::L36,635.2499064614568,78.935479210333,175.009765625,AutoARIMA,1,2,1,high,medium
Q74::pattern0::L36,371.6117061303644,86.08122394299077,73.57568359375,AutoARIMA,1,1,1,medium,medium
Q750::pattern0::L36,76.51394687455718,25.933534730817534,16.26770156072871,XGB,3,0,0,low,low
Q751::pattern0::L36,99.87702146662969,3.461785354035105,1.6921678977687407,AutoETS,0,0,0,low,low
Q752::pattern0::L36,7574.948965774651,211.90870611813088,1.36767578125,AutoETS,0,2,2,high,high
Q753::pattern0::L36,30.95027753842669,9.494355383299675,4.999352341206759,AutoARIMA,1,0,0,low,low
Q754::pattern0::L36,576.3121629525679,273.2646882965353,6.80335014285356,LGBM,2,2,2,high,high
Q755::pattern0::L36,190.22652750113343,22.56221771177431,18.83604164515873,XGB,3,1,0,medium,low
Q756::pattern0::L36,648.2456354405872,64.15955443970333,0.00390625,AutoETS,0,2,1,high,medium
Q75::pattern0::L36,393.9778957556198,94.99106770071795,35.3935546875,AutoARIMA,1,2,1,high,medium
Q76::pattern0::L36,321.93007939669053,59.092394781637005,29.55859375,AutoETS,0,1,1,medium,medium
Q77::pattern0::L36,876.4716219337046,32.806674733355976,33.851331484818274,AutoARIMA,1,2,0,high,low
Q78::pattern0::L36,218.7194236638719,50.41597207336841,9.46092839138737,LGBM,2,1,1,medium,medium
Q79::pattern0::L36,423.7293548193445,41.97034280158969,0.0458984375,AutoETS,0,2,0,high,low
Q7::pattern0::L36,73.63867656000821,17.517712267460468,20.463086728719645,LGBM,2,0,0,low,low
Q80::pattern0::L36,167.99079270416394,67.126092182553,19.626220703125,AutoARIMA,1,0,1,low,medium
Q81::pattern0::L36,515.5053662716125,282.02180055075195,147.7930908203125,AutoARIMA,1,2,2,high,high
Q82::pattern0::L36,374.0002683351008,70.47514684114732,2.601318359375,XGB,3,1,1,medium,medium
Q83::pattern0::L36,654.3435619228338,40.421746539610595,12.130966441334294,XGB,3,2,0,high,low
Q84::pattern0::L36,581.7676210893491,44.8355236717368,34.3933847480198,XGB,3,2,0,high,low
Q85::pattern0::L36,140.10716320589717,34.93066526223133,53.32719238281243,AutoARIMA,1,0,0,low,low
Q86::pattern0::L36,261.4056297200087,93.9156890420009,0.0,AutoETS,0,1,1,medium,medium
Q87::pattern0::L36,844.2724242087424,240.3220431429924,14.6751957431552,LGBM,2,2,2,high,high
Q88::pattern0::L36,391.3941929251482,339.64991943741967,55.2607421875,AutoETS,0,2,2,high,high
Q89::pattern0::L36,264.4897352642188,229.8121081421517,121.39399965062512,AutoARIMA,1,1,2,medium,high
Q8::pattern0::L36,353.4397034374232,183.445375866058,0.00244140625,AutoETS,0,1,2,medium,high
Q90::pattern0::L36,109.10032098544798,11.273266020235742,15.075888909770583,LGBM,2,0,0,low,low
Q91::pattern0::L36,469.70604376191216,107.98559979047003,1.0,XGB,3,2,1,high,medium
Q92::pattern0::L36,914.984195618745,231.66357061735616,105.512451171875,AutoETS,0,2,2,high,high
Q93::pattern0::L36,191.80977519475505,32.95741109196084,32.11148515847981,LGBM,2,1,0,medium,low
Q94::pattern0::L36,468.3373633635272,158.28403995138567,3.93631868848297,XGB,3,2,2,high,high
Q95::pattern0::L36,911.2075854661997,48.4384548500961,39.596308661675266,AutoARIMA,1,2,0,high,low
Q96::pattern0::L36,640.18886183945,95.1391115779647,8.567947357800222,XGB,3,2,1,high,medium
Q97::pattern0::L36,263.145007498209,6.514640612269358,0.0,AutoETS,0,1,0,medium,low
Q98::pattern0::L36,634.3652339714833,360.00950353445637,4.229783542182304,XGB,3,2,2,high,high
Q99::pattern0::L36,1377.820808920418,473.53481795520935,49.650227869172795,XGB,3,2,2,high,high
Q9::pattern0::L36,268.1734554566244,15.160195328981533,0.0009765625,AutoETS,0,1,0,medium,low
